76
109
2
42
114
96
73
172
156
28
115
42
95
109
27
81
55
135
64
113
89
74
119
43
168
73
151
101
46
184
110
24
86
59
67
273
136
20
26
61
72
91
41
45
100
36
110
10
71
192
82
47
51
25
273
35
66
192
102
50
52
53
42
37
253
19
153
135
137
58
179
44
14
88
46
95
103
140
95
21
52
89
122
94
377
75
75
86
88
109
121
65
138
77
89
40
123
105
88
27
29
49
38
49
26
57
142
71
58
105
96
93
110
51
30
47
163
67
63
95
83
32
90
56
137
28
64
106
46
68
25
81
46
65
69
52
108
114
82
111
133
132
31
279
88
92
25
87
126
142
36
81
138
75
95
24
61
38
109
97
38
36
21
46
105
97
75
22
47
131
90
53
56
42
114
80
9
34
55
123
28
72
36
24
24
49
64
33
32
87
132
94
40
119
67
30
67
26
57
13
94
52
37
105
310
72
178
30
18
87
69
97
51
98
18
28
84
52
43
138
164
118
8
127
133
64
166
4
21
51
28
101
34
22
41
3
136
79
40
56
143
37
106
51
25
30
90
43
42
20
13
81
124
46
173
58
34
118
106
90
112
47
17
120
39
249
62
92
40
194
81
21
67
227
72
23
175
39
75
82
37
50
16
106
85
114
63
146
91
146
68
78
65
60
33
71
21
16
155
84
40
127
71
38
78
94
116
51
212
55
54
42
67
32
130
107
23
26
59
23
37
67
51
67
30
160
77
136
11
16
137
8
68
40
66
19
58
71
86
166
34
207
70
103
36
68
48
52
9
89
49
5
76
35
80
101
79
133
213
136
6
61
14
102
40
26
62
14
34
72
40
59
62
91
117
26
32
146
47
106
58
76
28
141
105
65
37
62
3
216
113
51
138
56
114
121
96
9
44
40
76
34
74
76
66
21
97
51
182
52
45
72
46
159
52
68
103
84
139
53
199
57
49
103
23
38
143
185
43
42
118
57
40
26
146
44
58
49
80
70
60
37
36
190
36
81
114
149
59
40
198
82
106
82
95
176
55
83
51
224
49
62
101
128
44
52
44
32
125
15
37
234
117
139
92
70
30
50
132
52
70
191
103
134
29
23
58
120
37
34
47
63
188
126
80
148
43
26
109
69
95
107
41
79
9
73
92
98
92
73
82
45
44
63
102
11
224
36
32
50
127
88
35
39
67
123
23
160
123
125
65
30
37
68
93
9
216
45
79
29
86
16
34
67
101
92
16
51
25
68
28
164
124
42
102
131
80
52
74
42
29
41
117
62
47
23
182
62
87
133
52
56
90
66
78
86
139
130
69
31
53
50
71
63
101
16
11
50
98
28
43
44
37
28
151
69
26
38
119
58
90
19
90
30
24
63
155
66
70
84
59
88
120
85
62
38
35
73
132
63
235
53
118
57
49
109
11
20
187
39
9
86
48
66
54
135
43
25
28
97
61
34
144
150
30
31
102
51
109
9
125
21
99
93
39
62
203
75
65
104
16
20
92
78
15
95
61
17
20
63
33
124
303
40
180
43
36
70
19
53
56
78
45
37
78
20
27
128
79
109
73
12
132
29
23
57
43
53
3
112
87
15
51
23
92
44
94
113
110
196
102
95
40
79
39
49
131
74
69
39
46
47
7
140
193
71
70
155
128
24
133
69
66
116
99
34
99
67
61
83
78
68
77
44
79
176
40
69
68
10
190
162
113
108
37
30
54
42
66
166
104
15
109
15
309
13
107
52
125
61
136
50
189
91
63
101
74
57
47
58
53
117
82
111
43
172
35
78
196
131
59
15
98
63
52
49
185
119
91
48
30
65
68
25
115
22
81
37
66
115
87
193
69
123
156
73
51
44
30
81
36
14
81
112
146
168
129
93
26
202
52
59
60
90
101
38
76
138
33
94
102
152
101
194
172
68
90
98
66
104
137
14
127
54
11
23
153
112
269
58
141
64
30
44
128
37
72
96
63
100
106
105
47
72
36
49
87
72
29
60
144
82
37
38
60
107
54
19
57
64
2
140
31
70
32
37
120
49
232
204
144
49
47
189
55
86
30
19
41
81
123
18
186
130
10
15
17
46
76
63
126
72
22
35
44
58
203
50
21
21
65
37
19
166
36
111
53
33
19
20
44
130
58
70
118
193
100
72
82
120
13
123
74
183
31
45
119
42
77
53
52
114
56
101
98
25
81
70
162
101
14
73
42
37
73
128
109
54
41
190
45
150
42
89
31
171
76
106
81
38
104
143
24
120
28
28
15
83
78
70
72
53
124
57
102
88
61
56
61
50
127
51
111
114
83
111
183
58
133
45
45
48
146
72
31
62
66
34
63
92
36
3
29
36
38
88
141
27
70
32
17
50
98
31
30
66
54
34
90
72
31
31
40
47
43
82
158
36
11
62
104
99
13
138
144
101
97
62
33
42
84
98
5
98
52
270
61
65
28
39
127
19
57
67
92
35
66
94
27
283
28
132
196
54
63
44
37
204
78
42
88
58
103
51
88
122
67
62
14
95
38
37
32
104
104
18
105
189
213
58
5
91
121
84
202
92
46
42
89
100
144
61
89
73
63
57
107
48
78
43
65
48
126
25
98
61
32
87
64
119
85
6
24
53
104
79
101
36
82
224
76
106
152
104
48
112
73
78
92
91
217
89
116
51
35
27
105
67
109
81
66
90
109
129
167
99
84
224
63
15
18
65
34
133
35
47
41
92
86
218
39
25
56
126
104
60
27
128
97
70
107
55
271
84
16
193
4
110
87
147
43
33
16
19
124
73
128
31
217
82
27
18
117
36
47
180
27
42
93
41
28
68
204
102
230
78
135
41
142
89
48
47
44
101
60
68
23
83
103
30
33
73
21
87
70
33
82
122
26
61
172
155
91
68
198
67
31
92
129
69
39
6
41
86
37
153
130
148
36
69
71
14
171
84
60
19
63
145
116
87
124
70
100
89
94
34
75
20
6
125
194
73
113
60
75
31
60
29
7
34
33
200
45
59
33
55
137
63
34
90
117
46
17
25
0
133
96
64
238
13
88
67
31
37
45
92
116
56
166
60
69
86
67
48
99
60
141
143
57
17
75
50
97
72
32
34
19
113
43
71
43
64
139
123
105
16
11
45
116
60
68
52
60
113
55
28
18
145
105
29
64
86
30
173
22
45
234
36
53
26
62
48
87
89
30
128
100
106
243
70
129
102
88
81
107
81
78
160
125
92
136
88
30
36
63
103
36
123
78
105
78
71
44
55
30
95
60
59
89
167
53
51
168
110
83
51
166
122
67
45
80
55
42
74
114
29
19
114
51
44
77
25
97
43
85
23
79
41
48
91
72
59
96
21
87
38
79
81
88
52
28
59
115
71
93
58
44
63
148
18
99
52
105
7
60
43
91
135
49
23
56
101
75
117
91
69
21
112
51
38
68
65
0
22
31
59
94
105
35
99
59
119
8
84
56
34
113
242
68
28
106
39
177
142
59
100
127
105
59
32
140
100
56
39
46
30
58
38
89
72
82
105
171
42
127
31
10
105
104
54
94
111
87
135
44
166
52
15
50
75
51
111
37
102
79
61
174
96
119
11
123
33
77
46
137
17
82
23
90
154
93
114
88
103
82
68
48
89
35
89
118
132
28
96
251
37
97
63
90
197
0
180
59
74
158
155
55
76
48
32
59
53
39
30
49
179
55
106
48
127
1
153
154
56
157
118
102
159
58
60
50
150
102
122
152
40
19
53
137
49
141
28
33
193
22
72
39
107
74
33
71
64
36
78
46
179
71
33
90
55
95
102
23
84
230
89
29
92
113
50
131
115
53
67
72
72
54
119
14
40
38
412
30
114
104
46
51
33
30
17
109
54
158
125
82
195
57
102
30
92
40
77
41
68
66
91
57
48
64
66
41
112
56
31
35
61
101
64
111
50
47
26
87
144
84
71
95
34
95
16
40
8
116
42
31
263
110
61
73
15
98
123
152
40
48
70
71
154
49
58
32
289
65
46
19
81
140
66
55
39
52
38
27
119
40
23
97
80
170
163
65
24
63
36
102
123
42
127
63
38
35
66
44
112
72
194
46
84
188
121
31
102
48
76
77
109
207
60
216
47
203
73
30
32
40
76
67
86
19
95
57
106
71
35
63
79
122
164
50
92
76
63
79
67
27
74
98
70
219
53
126
105
97
25
60
13
42
106
200
94
56
48
193
57
29
146
146
85
111
81
138
126
191
135
73
135
8
89
83
217
96
148
84
24
23
51
107
17
132
108
119
88
23
48
62
59
108
109
50
44
124
189
119
40
78
249
89
21
24
147
105
71
57
55
33
133
55
87
61
35
55
73
133
65
237
144
84
44
49
40
55
46
14
107
50
8
40
95
107
20
161
41
52
47
42
117
59
49
21
23
80
54
132
106
74
34
31
21
55
41
15
60
50
161
14
5
49
206
76
94
78
90
52
71
49
66
134
35
76
27
108
16
156
39
45
199
72
92
150
51
10
80
74
123
190
99
58
23
95
143
8
232
37
232
122
0
99
32
203
81
202
43
80
53
116
76
39
75
63
47
47
142
40
113
106
191
149
29
83
90
86
41
59
196
111
58
102
88
124
98
37
38
32
39
74
100
30
27
132
74
74
52
59
75
125
118
153
36
17
90
47
72
37
82
60
37
151
90
28
59
65
148
36
62
89
45
109
119
86
131
42
90
57
33
255
213
68
34
10
44
122
79
14
150
108
104
67
53
96
37
31
120
73
80
97
34
113
80
46
42
122
146
68
262
144
29
59
69
65
39
84
59
84
77
86
88
24
145
78
71
101
123
80
18
80
35
71
147
75
90
44
70
51
114
10
79
171
127
20
62
59
216
77
71
98
35
41
34
66
45
137
49
115
53
74
29
60
71
100
79
161
82
242
179
130
121
181
48
77
74
94
82
124
27
90
48
108
127
63
54
58
120
101
56
192
120
173
64
96
117
129
150
130
61
58
85
70
80
51
39
71
185
29
71
101
51
72
43
31
118
36
85
113
132
45
112
127
9
93
74
25
135
73
55
34
111
22
76
172
123
60
31
99
49
75
171
96
106
89
64
9
63
53
88
46
76
68
151
70
38
52
144
51
49
38
103
19
30
35
128
62
80
12
43
60
142
15
157
143
61
42
20
3
78
26
83
47
111
25
109
54
117
97
13
44
60
211
67
25
83
27
195
256
41
52
27
48
67
20
89
134
31
112
99
58
117
121
78
194
68
47
35
24
127
68
71
166
75
72
41
75
64
66
150
89
22
54
76
79
55
130
73
56
65
86
122
59
229
47
106
155
80
82
147
41
166
16
136
103
29
55
10
115
59
70
81
23
79
63
134
46
24
35
214
17
160
105
117
97
18
88
92
128
53
28
17
15
59
24
95
16
151
92
86
111
50
32
75
170
67
80
70
109
16
68
19
72
19
131
171
92
42
68
80
79
152
21
33
28
74
51
94
76
58
83
139
142
85
125
77
13
214
42
62
44
13
121
171
53
104
61
43
77
68
53
49
71
49
140
66
84
44
90
41
71
72
164
80
57
115
61
149
113
60
65
113
135
141
36
34
78
58
107
38
52
81
71
116
80
54
13
142
35
72
79
88
12
12
47
179
116
44
106
63
41
62
40
83
26
141
9
32
145
93
73
140
121
142
182
77
122
147
42
37
205
46
200
52
53
164
83
107
175
116
148
44
222
64
81
61
73
64
154
55
41
55
131
140
97
63
88
167
148
13
98
73
221
50
45
146
122
17
44
16
14
36
144
60
61
88
71
84
68
79
13
51
73
31
71
76
80
21
65
158
95
27
53
107
63
38
96
16
72
99
56
102
97
117
115
59
82
55
117
81
80
32
65
90
265
39
165
41
168
109
5
30
130
95
33
76
99
92
135
187
190
89
48
141
39
54
41
53
67
109
69
58
83
67
188
42
241
15
36
42
154
181
45
19
27
69
248
45
25
56
83
95
77
65
160
160
125
66
144
108
165
28
128
69
35
89
86
77
55
78
157
12
24
71
24
103
48
80
49
16
46
106
140
62
61
65
59
71
98
42
59
119
83
8
98
111
66
126
24
103
126
35
34
25
36
26
48
62
19
47
58
42
45
55
148
46
55
26
124
75
77
47
2
35
7
81
93
46
160
155
305
157
162
65
23
44
31
16
9
39
189
120
104
146
88
124
72
77
42
45
123
67
66
160
95
60
255
29
58
78
37
25
101
8
153
17
108
235
240
92
228
52
84
295
73
43
16
64
183
166
113
46
38
92
20
144
182
95
102
63
146
53
116
12
95
60
59
58
171
44
69
74
40
57
27
82
108
41
132
45
29
26
72
35
43
117
136
63
57
34
105
106
53
27
78
76
123
56
111
45
79
63
45
105
19
188
60
71
69
59
41
107
89
59
64
18
131
50
84
93
166
49
67
101
59
76
47
30
13
4
124
52
35
55
41
116
33
57
98
27
65
33
147
76
7
195
74
95
48
119
35
47
86
30
134
153
167
38
136
35
74
56
29
99
83
60
28
87
24
61
52
42
62
103
36
41
121
108
103
9
81
51
42
40
106
67
14
82
59
36
92
155
134
66
32
99
90
77
47
111
111
48
41
25
31
137
87
6
67
108
123
47
50
43
59
211
81
20
34
120
156
157
57
125
302
85
75
55
3
30
94
77
17
40
55
55
259
79
85
59
60
99
65
79
215
73
17
57
80
30
97
52
31
31
58
73
76
49
17
48
31
46
41
49
147
138
151
77
101
147
106
26
63
95
0
104
42
33
30
94
105
43
17
42
75
101
13
169
113
90
259
93
40
27
19
46
42
68
47
105
173
64
130
59
119
57
98
125
106
171
34
43
89
141
86
46
59
90
102
32
87
118
99
39
65
146
80
61
60
38
111
97
63
55
85
103
35
146
29
72
22
141
12
18
55
151
109
69
62
55
25
52
75
22
64
262
63
54
138
13
16
93
76
56
34
22
115
47
21
47
99
251
196
20
100
62
83
71
106
64
85
37
23
200
36
154
193
42
69
103
165
71
105
57
81
118
30
88
40
64
72
14
98
118
25
32
64
28
145
102
22
47
44
60
42
26
56
53
150
116
102
92
119
34
61
69
112
129
82
82
83
27
66
38
66
99
16
23
65
65
136
133
138
199
47
42
140
72
23
103
198
56
32
39
26
149
19
219
49
14
128
107
79
107
101
94
36
39
51
28
37
120
135
106
52
70
97
18
61
21
98
118
139
123
51
98
59
33
54
55
84
125
117
113
85
95
49
187
60
142
124
76
85
31
7
93
72
175
46
76
39
88
8
28
27
50
70
89
68
75
331
118
95
94
82
96
160
26
84
116
27
53
91
33
84
101
79
44
66
126
94
137
131
127
72
62
154
134
94
45
58
63
73
128
51
77
83
114
36
63
66
83
67
37
92
55
65
118
129
22
32
59
96
34
21
35
110
164
146
86
50
145
58
115
26
107
73
78
58
100
64
132
63
106
62
45
51
8
120
134
79
60
69
31
52
258
83
58
170
148
70
48
83
186
75
71
214
46
60
36
50
24
160
54
74
69
84
111
66
19
59
77
126
62
84
38
62
156
166
46
106
34
51
54
90
40
266
95
27
62
172
86
101
64
54
82
97
199
133
86
47
8
82
89
59
114
130
181
116
66
47
57
24
48
125
73
42
43
45
58
120
81
172
112
65
139
204
82
64
64
180
100
59
18
77
163
70
92
36
24
4
30
125
93
27
85
57
86
56
57
177
46
50
78
171
70
98
235
105
50
23
119
81
43
54
60
41
70
88
21
113
78
34
79
93
72
136
57
75
157
109
132
100
82
168
49
49
31
135
52
74
106
83
38
98
91
125
103
15
19
59
50
58
25
71
233
137
66
46
91
93
31
49
54
84
79
91
9
32
43
23
53
41
134
57
36
140
154
215
98
145
41
56
71
75
57
60
30
156
24
96
11
43
115
62
83
12
23
229
92
48
28
44
68
128
56
130
56
135
121
18
45
5
78
65
48
184
20
44
35
60
55
185
97
125
100
26
37
82
109
40
98
130
66
26
58
67
23
39
189
39
68
24
85
176
18
107
60
47
85
133
45
132
279
32
53
102
32
77
23
84
140
158
103
81
113
97
14
133
42
77
118
46
225
145
106
25
178
60
42
12
34
50
112
51
185
55
157
36
65
33
29
33
144
17
37
46
121
23
37
135
124
132
17
142
148
217
83
65
60
17
116
24
57
176
73
39
105
92
77
213
98
81
74
91
40
96
50
44
114
139
159
170
61
27
4
132
50
67
114
68
218
8
21
67
10
14
83
38
64
229
51
56
205
100
116
45
120
44
60
10
40
213
63
99
51
34
60
87
82
81
197
8
104
100
85
116
72
43
184
94
67
105
44
220
61
125
33
99
47
91
23
47
33
63
93
56
91
77
109
18
49
56
43
19
114
58
98
45
94
121
21
50
41
58
0
76
86
52
126
78
177
70
58
81
53
64
109
168
104
53
77
54
58
154
75
60
14
130
48
106
198
64
53
61
34
228
55
108
143
26
85
76
105
78
179
53
82
81
125
106
18
85
91
14
81
131
55
47
14
51
44
32
23
129
76
84
77
225
46
112
17
60
144
93
123
112
74
51
66
83
113
62
80
116
33
53
102
143
39
98
88
28
140
91
49
91
74
92
120
51
140
47
40
183
100
24
176
75
98
41
175
73
71
166
44
38
161
45
80
136
189
114
121
53
78
79
74
70
71
51
56
38
130
136
115
156
26
94
36
103
138
23
55
49
72
66
10
112
54
38
196
104
48
103
109
89
150
102
38
85
37
40
150
35
118
177
45
48
181
42
41
330
193
69
152
230
135
52
16
63
82
75
34
89
32
69
52
136
141
67
37
41
35
62
71
149
70
129
26
61
25
174
29
134
33
78
16
83
130
91
109
65
36
91
91
28
131
142
36
40
37
148
83
43
11
87
62
121
43
126
52
41
47
133
90
104
163
90
77
76
103
130
55
48
110
147
20
26
56
99
145
63
63
48
53
54
66
62
63
101
166
48
180
103
115
82
119
64
54
121
132
102
87
64
158
77
113
61
247
265
52
47
32
30
40
171
80
167
89
42
33
154
35
143
179
60
161
62
59
91
23
57
59
162
42
8
46
43
77
87
51
37
120
19
44
25
148
26
76
34
19
100
95
105
115
78
164
68
17
37
69
29
46
87
126
13
217
132
73
62
122
30
105
82
12
34
54
85
175
70
115
162
89
95
29
65
79
153
84
165
98
192
88
62
84
80
55
50
46
112
30
141
53
121
74
105
15
80
87
225
28
54
20
57
92
29
35
49
156
29
34
54
61
105
206
151
119
150
119
51
57
76
84
35
133
34
73
45
141
62
129
150
29
202
85
29
73
51
27
44
68
148
96
50
169
22
146
76
100
42
87
54
67
221
57
76
163
124
203
59
93
118
27
94
25
54
19
14
60
33
124
75
155
95
76
138
43
41
73
116
94
116
114
72
66
101
68
42
57
40
55
138
224
79
140
83
59
21
35
33
11
204
299
40
24
76
106
34
123
61
145
98
102
108
77
131
9
168
45
81
24
71
25
69
117
60
107
102
103
105
97
170
135
81
98
76
46
66
107
106
78
98
112
3
49
16
25
25
141
179
39
85
73
34
39
74
25
40
294
25
63
84
102
30
46
151
118
141
75
101
120
140
113
86
175
59
26
37
161
52
94
6
76
101
17
43
92
117
61
32
38
129
49
49
54
88
77
150
34
51
109
35
209
59
51
140
107
11
48
58
128
55
40
50
91
45
38
59
41
0
89
83
56
70
69
66
157
46
110
138
31
62
78
6
57
91
63
84
164
43
102
103
241
45
50
58
98
99
86
188
57
87
97
76
62
33
147
19
67
65
169
28
71
71
141
94
138
90
44
35
96
60
35
186
45
22
166
103
97
73
81
81
75
54
103
73
75
159
29
52
78
44
175
46
41
9
142
34
141
81
95
89
0
54
95
17
100
22
86
57
38
28
113
100
107
67
143
372
26
98
75
24
40
59
102
46
136
64
132
111
192
34
23
91
39
107
58
157
66
54
29
78
76
50
56
77
106
166
35
85
71
75
185
133
53
105
143
72
45
83
133
40
40
100
109
70
48
87
103
19
120
126
119
77
83
41
43
129
44
115
216
64
91
36
109
175
18
86
73
45
199
51
143
72
64
29
144
58
57
94
131
202
105
221
164
50
57
101
31
26
45
116
94
37
71
19
99
87
297
37
91
81
166
58
40
54
51
117
50
166
125
15
87
76
20
152
12
45
28
20
60
95
65
80
66
159
112
110
139
60
11
117
160
128
59
84
15
75
46
190
59
134
32
115
37
41
63
235
63
32
20
85
190
65
62
25
11
117
73
38
10
163
92
34
103
106
66
76
215
40
3
103
56
82
78
20
24
24
106
81
83
53
81
94
101
54
13
285
122
56
120
195
109
141
30
12
70
191
32
34
53
62
108
66
28
38
20
125
31
29
100
12
25
75
110
174
23
203
93
38
66
86
17
116
141
64
63
53
25
96
121
60
42
8
126
210
90
72
85
64
112
28
68
92
20
100
71
147
74
29
62
26
26
36
27
97
67
109
112
76
145
195
129
87
29
65
49
62
38
88
302
50
52
55
57
93
70
60
22
64
83
115
175
112
57
46
11
36
241
42
36
63
39
20
12
78
52
60
142
240
104
16
46
72
42
29
26
33
76
107
56
22
66
92
107
3
5
26
68
20
27
151
183
98
321
99
24
44
48
45
25
135
37
86
81
94
20
46
19
136
78
119
51
47
42
92
21
78
55
87
78
164
149
83
62
174
57
40
40
70
42
66
55
69
25
36
32
59
81
39
119
116
40
87
65
155
57
86
144
100
29
65
94
120
35
96
130
71
108
14
132
63
259
2
109
42
100
42
57
137
110
56
134
87
81
31
65
123
111
34
91
52
39
120
96
112
52
86
122
58
39
156
59
82
41
84
99
56
127
98
138
49
21
123
46
112
6
48
119
39
61
109
84
172
58
69
62
6
80
29
230
58
20
48
132
113
90
123
80
19
65
24
52
225
67
80
43
71
38
119
26
43
119
86
51
112
173
26
34
111
90
88
35
198
87
18
54
186
151
125
72
45
73
84
162
26
133
22
85
92
93
349
33
82
94
101
70
35
77
100
35
115
32
84
85
39
49
129
22
44
100
71
33
86
101
217
155
5
150
44
191
11
99
61
117
186
178
74
130
57
279
30
108
114
20
88
19
117
36
36
40
31
33
74
178
30
23
25
17
77
21
50
100
107
91
87
67
25
129
200
22
108
68
40
59
42
20
97
35
81
129
32
83
123
58
63
70
20
165
103
65
56
262
60
163
41
76
104
110
27
20
37
160
8
52
30
168
64
63
188
27
80
91
86
44
273
128
49
96
114
95
49
160
119
73
223
64
9
107
80
49
74
43
97
89
125
91
18
77
104
97
28
92
143
31
117
71
33
53
100
84
72
103
47
97
63
32
68
47
148
194
163
61
44
39
82
91
65
55
165
80
131
65
156
66
67
63
49
19
48
79
89
27
29
18
41
70
120
56
186
110
58
20
102
50
30
53
118
117
53
303
99
152
51
112
120
34
131
42
96
56
72
108
65
19
35
118
158
166
82
150
156
128
38
101
21
26
56
68
165
12
83
91
53
155
92
122
23
156
209
27
104
71
147
70
76
144
118
76
41
76
103
30
206
118
86
141
160
85
147
136
120
29
84
73
67
57
60
39
35
118
205
36
51
110
79
10
41
76
95
89
73
35
55
67
38
73
52
29
81
106
37
180
11
60
60
57
98
98
126
64
41
149
79
143
45
213
101
81
104
58
28
81
140
57
58
90
78
37
33
42
31
151
51
112
92
135
39
44
77
67
83
110
85
125
92
84
87
70
136
169
21
91
124
51
49
52
36
55
52
30
339
49
21
22
114
60
68
36
73
231
32
202
83
126
149
71
88
96
70
63
97
67
128
57
76
156
83
45
80
55
107
179
94
76
223
103
36
58
109
11
145
11
92
93
58
43
85
51
47
66
28
38
93
86
108
45
31
56
149
71
33
88
187
52
94
84
132
11
212
79
34
80
25
6
136
76
71
122
105
67
57
49
60
99
46
101
36
48
67
36
85
149
77
177
99
6
157
28
157
57
62
22
35
104
72
28
57
62
76
96
91
154
11
136
34
26
80
18
66
126
96
19
68
58
53
23
98
20
125
48
74
69
48
107
56
97
37
25
12
157
171
23
31
51
13
77
45
44
159
150
87
177
40
166
36
97
97
158
45
8
15
37
96
149
104
53
52
113
48
50
101
76
145
95
12
97
159
37
91
139
33
32
171
46
161
62
56
43
132
104
109
81
27
90
156
9
104
167
280
57
132
100
192
40
63
121
110
30
22
65
105
170
234
32
83
46
170
47
47
60
40
18
37
29
154
76
33
68
30
120
55
95
57
39
39
57
4
19
28
112
90
46
119
40
117
32
162
167
42
126
71
35
35
73
54
164
61
69
130
2
59
3
195
91
90
56
38
52
76
115
101
192
7
37
83
68
37
157
140
62
143
140
37
68
136
116
80
69
74
105
135
85
50
93
133
64
265
213
18
227
61
27
92
75
60
88
124
130
117
118
71
116
96
55
33
48
41
81
38
105
34
46
74
161
34
39
35
85
105
152
50
15
89
80
75
32
123
33
61
27
213
97
20
53
5
34
114
56
149
102
65
105
40
44
5
116
15
106
49
107
25
17
34
26
30
77
32
65
76
87
101
96
46
100
112
45
79
58
96
49
2
64
40
32
63
66
41
128
70
112
34
184
76
52
3
37
16
2
30
62
47
101
11
98
51
105
101
67
140
15
214
16
70
17
26
75
105
24
60
64
94
125
59
5
47
39
164
83
73
25
54
90
20
61
137
86
71
73
17
28
46
163
102
13
93
96
99
72
12
134
52
122
127
49
98
47
147
100
101
149
129
72
48
90
96
61
134
114
33
77
59
131
70
69
88
59
129
163
81
62
33
37
74
169
54
107
139
72
27
24
55
27
96
178
142
150
24
85
56
45
221
25
78
64
97
43
36
41
55
155
71
101
88
113
39
79
205
126
122
66
61
99
58
72
54
104
131
112
225
98
105
109
24
42
19
57
90
56
273
108
58
34
256
52
50
29
18
68
139
97
25
25
8
95
80
32
138
58
91
31
11
84
48
115
137
41
60
44
166
104
11
41
89
160
32
82
54
74
129
147
105
107
57
129
37
94
115
117
81
212
102
64
18
38
24
34
43
15
71
30
238
116
135
121
80
119
13
94
54
72
36
128
83
66
144
210
35
38
120
109
167
16
34
17
43
172
67
13
81
16
121
163
136
44
59
154
161
75
109
135
78
103
25
243
83
95
52
27
185
67
23
60
118
300
54
44
98
187
89
16
161
68
114
158
70
154
38
58
3
43
90
49
63
46
46
86
181
87
98
83
53
126
66
46
209
137
115
130
204
31
29
23
142
111
107
33
72
207
86
56
131
93
38
29
183
123
86
84
41
32
72
73
202
14
23
56
165
90
93
28
48
77
108
33
41
25
91
65
53
62
86
93
65
26
4
60
20
68
43
79
38
68
57
196
14
30
54
64
30
30
65
141
118
47
52
90
138
30
99
74
199
82
48
53
71
147
92
67
135
116
122
138
82
20
79
208
38
85
163
47
30
185
185
38
100
37
149
59
79
93
154
81
22
84
104
157
73
93
70
120
194
101
62
53
22
49
61
88
158
68
140
206
38
8
72
38
38
62
74
61
99
6
262
22
23
16
6
86
38
14
66
58
26
52
107
70
22
80
87
96
164
47
71
69
51
26
108
26
68
142
101
113
84
160
70
227
94
79
101
66
54
60
120
46
16
51
25
74
70
147
126
84
38
48
50
19
87
50
77
55
0
56
6
78
84
80
52
47
131
143
143
63
105
24
142
47
10
62
24
110
83
61
40
36
97
62
65
120
59
35
27
74
106
26
70
47
25
58
193
173
64
36
71
39
95
93
66
142
65
41
152
48
45
106
25
26
15
153
57
70
154
75
124
17
95
15
184
140
106
114
88
6
35
76
110
109
63
29
34
77
109
24
23
6
125
53
31
11
89
202
61
100
21
73
46
54
195
98
92
44
60
19
60
40
57
57
37
38
87
69
85
84
55
100
116
160
68
55
4
40
90
26
45
26
13
10
46
112
75
42
169
87
118
132
75
29
81
63
69
166
122
43
55
35
38
181
133
40
111
123
94
73
60
42
78
41
252
157
47
76
143
67
78
76
68
111
81
76
7
94
84
34
56
21
91
34
156
33
20
158
31
54
35
52
89
105
199
42
62
77
93
28
14
64
32
77
100
30
107
30
57
37
85
117
110
90
93
79
78
23
50
55
28
30
43
67
16
119
140
41
65
61
80
230
40
33
149
8
104
59
69
120
29
15
206
90
68
73
65
70
90
129
89
70
188
204
140
162
67
55
85
23
74
57
119
51
63
8
14
75
57
88
76
17
97
59
11
110
79
67
227
121
57
120
152
30
14
51
132
49
61
86
30
113
74
69
81
59
24
42
37
91
123
88
95
117
80
45
60
123
24
81
59
18
24
10
58
68
83
39
75
103
54
59
58
87
21
87
67
136
8
27
72
242
53
47
98
27
141
33
33
59
66
21
56
117
32
66
107
47
53
30
50
55
63
69
87
39
85
123
82
46
172
93
59
54
21
175
51
49
139
108
75
56
74
82
50
32
106
139
100
44
35
82
23
34
89
40
14
42
130
25
53
27
128
33
78
88
36
44
64
51
134
78
81
33
175
4
131
47
48
58
61
115
114
113
131
48
173
30
88
38
146
18
44
28
45
160
206
71
87
82
115
22
55
133
23
131
142
80
58
72
99
91
19
118
22
32
99
98
122
115
60
44
116
6
284
28
77
42
95
222
59
27
33
59
17
164
43
42
41
52
66
45
82
50
23
37
42
81
93
132
60
184
38
32
57
140
54
51
156
116
44
78
50
82
45
169
54
44
87
52
62
81
81
101
72
78
78
69
85
42
67
63
70
63
60
77
37
174
114
50
56
121
46
100
59
108
59
40
94
102
177
83
20
188
32
10
95
57
122
157
69
84
36
41
130
42
34
16
211
85
113
54
66
33
66
44
42
158
70
78
14
99
68
37
93
64
66
74
107
16
71
52
35
39
70
60
104
121
60
42
22
37
79
69
82
82
1
27
68
135
213
77
70
47
103
50
53
40
129
34
197
32
64
33
62
106
18
71
204
70
39
70
42
106
9
76
59
12
13
83
40
29
91
69
38
32
50
23
128
65
175
79
144
34
92
31
48
38
45
110
54
93
76
94
46
52
59
62
74
100
36
60
29
118
84
84
58
77
105
85
121
66
123
63
40
10
63
68
18
78
89
48
188
19
21
88
73
150
29
178
73
59
84
63
98
13
37
171
83
162
93
46
152
61
47
49
130
30
21
140
34
135
62
111
46
84
74
47
112
167
58
122
43
93
62
69
27
85
12
37
96
43
54
31
170
49
57
40
41
54
14
99
98
16
21
78
25
105
178
152
172
40
65
126
128
76
25
69
66
123
11
16
17
68
54
26
25
62
49
17
50
72
65
26
58
35
97
120
42
85
89
77
55
295
80
70
97
244
51
183
70
80
67
31
95
60
19
9
33
61
65
92
219
53
11
56
22
4
134
69
44
17
144
78
79
41
57
20
136
69
157
149
69
17
57
94
50
51
88
64
42
70
145
16
52
42
137
85
91
47
39
97
83
41
10
90
102
238
20
100
39
102
258
75
205
23
56
77
79
85
41
38
54
225
83
152
42
55
65
19
35
137
102
93
147
48
122
70
33
216
111
77
11
70
99
23
243
51
103
92
39
58
104
76
78
84
17
29
67
155
81
36
139
56
70
77
175
43
125
89
56
72
183
31
30
145
41
98
183
69
60
31
107
55
35
207
62
63
110
116
177
78
86
42
299
39
135
44
50
22
68
55
135
91
112
85
118
111
34
72
120
117
37
52
57
40
90
30
15
65
123
27
32
7
111
45
70
71
33
50
17
56
27
114
79
28
129
35
108
36
110
69
47
69
171
131
75
36
198
90
117
152
87
33
200
63
129
105
124
38
108
68
44
68
77
130
175
118
53
11
89
59
78
32
177
65
40
94
203
19
69
123
71
77
23
62
93
63
12
51
85
295
72
19
51
146
37
181
107
131
56
103
75
61
90
98
46
150
78
39
90
68
121
178
50
47
48
70
129
33
112
160
90
33
170
69
92
93
123
39
87
62
162
12
130
77
86
238
116
98
13
45
3
112
20
39
63
67
31
120
99
167
2
19
76
97
81
78
18
65
163
63
43
11
26
34
43
21
36
98
215
168
39
70
32
123
65
112
56
57
114
11
70
31
30
53
205
212
190
111
108
25
59
114
156
40
44
162
111
94
65
42
68
164
30
102
79
76
99
28
68
87
22
52
79
27
102
34
45
96
28
112
105
105
236
68
24
39
70
66
87
107
110
111
148
53
191
77
85
140
52
94
38
37
164
217
65
46
199
78
69
137
123
101
219
104
42
59
63
94
67
215
54
8
13
23
91
111
43
251
120
94
201
13
167
85
220
52
107
56
181
12
27
30
154
163
104
114
72
99
33
108
138
31
131
59
91
104
60
124
48
87
42
133
33
18
28
25
80
99
49
17
184
100
100
94
73
54
76
84
48
77
25
200
113
24
87
25
54
71
29
71
40
22
61
83
87
67
131
38
99
43
17
101
47
58
42
53
67
56
88
116
73
24
69
251
40
147
40
60
39
74
102
37
39
155
40
31
82
41
162
19
43
80
115
20
131
71
50
49
164
53
26
33
146
30
94
27
103
68
35
57
101
44
14
41
154
132
52
83
67
35
113
90
133
79
174
170
134
57
83
60
30
16
34
24
47
101
99
64
118
291
118
112
15
56
249
41
195
85
80
30
75
115
56
24
95
78
19
39
79
127
113
189
83
201
42
48
74
37
27
74
97
26
129
122
101
54
56
166
71
126
27
185
123
180
57
183
83
11
117
94
25
94
62
32
143
139
66
63
143
93
48
106
119
46
118
73
26
73
117
24
110
61
37
124
31
93
112
75
84
14
43
89
80
94
31
11
48
37
21
60
130
191
76
61
76
41
42
83
44
72
35
54
28
37
62
65
52
81
100
93
277
53
129
46
80
35
108
12
78
29
9
105
68
225
34
66
54
98
66
77
28
98
72
47
39
181
93
64
66
52
83
95
152
27
64
92
56
65
7
6
36
58
80
52
92
452
67
94
103
50
54
93
31
182
68
77
71
25
76
104
241
22
125
69
82
78
69
106
118
48
30
114
58
156
43
21
75
35
83
51
173
76
125
150
71
84
124
40
54
148
76
80
72
119
74
104
34
324
64
46
37
70
125
77
29
192
41
13
68
75
47
125
168
63
18
45
50
61
54
73
58
28
24
171
86
22
175
140
38
71
164
126
144
75
51
90
59
82
121
29
65
37
47
101
112
32
34
44
49
70
92
40
5
256
78
47
94
79
149
47
83
234
256
67
205
53
96
86
64
27
216
148
177
161
82
46
75
35
148
18
9
30
103
71
74
80
134
101
166
44
123
42
30
90
197
28
36
117
126
53
57
165
110
23
71
119
43
79
30
119
41
8
63
135
65
57
48
72
38
115
18
127
36
53
71
40
113
49
81
47
121
33
60
43
17
40
58
160
99
112
83
31
52
35
31
36
134
39
108
76
54
125
104
127
144
37
84
113
76
29
8
38
52
46
105
46
106
122
75
34
55
72
80
77
74
67
41
83
74
40
46
142
116
66
40
120
159
92
56
43
31
100
203
89
68
114
34
95
33
34
158
20
80
135
182
66
27
251
63
190
47
94
26
81
57
95
57
79
82
21
165
107
18
22
122
86
64
126
68
116
110
77
15
15
43
80
112
20
35
38
136
100
30
201
46
100
29
85
96
73
94
96
110
17
73
37
93
33
51
38
34
61
77
47
65
40
27
72
29
25
165
128
82
72
60
54
130
106
110
104
133
43
30
143
55
36
60
130
282
29
85
100
18
57
75
96
57
12
20
73
70
128
5
21
29
171
10
25
54
153
215
25
147
31
71
141
105
22
70
59
79
27
138
78
65
70
71
44
50
77
47
49
23
42
189
122
86
76
129
84
88
173
60
20
133
181
47
95
56
47
73
72
26
41
47
35
131
32
48
100
134
72
29
78
190
15
29
43
42
42
105
94
20
66
36
79
15
108
34
122
22
114
80
107
153
53
70
142
89
96
112
126
36
43
29
140
39
42
86
138
55
75
97
53
171
120
45
35
25
33
33
115
37
77
68
29
63
32
80
145
114
64
48
22
31
133
85
40
173
37
17
7
64
131
78
53
4
117
83
34
44
63
52
42
136
79
82
175
47
25
60
108
229
89
102
116
57
19
92
66
100
48
57
24
79
50
75
82
156
36
40
97
193
76
37
80
40
250
34
15
81
72
94
141
170
186
61
65
22
95
139
33
10
77
169
117
37
69
57
32
127
81
106
26
68
19
76
23
36
79
93
68
62
150
143
129
63
30
202
75
62
23
53
72
72
101
146
49
18
64
84
55
41
62
106
168
118
64
56
51
119
19
127
85
137
99
107
120
43
55
70
37
67
108
56
35
111
48
34
206
112
98
55
94
74
24
238
58
21
104
89
40
112
53
36
83
19
65
72
128
24
71
10
54
80
114
63
97
167
112
60
52
116
79
135
55
127
62
33
56
52
113
31
85
21
186
72
140
56
44
55
67
22
79
30
121
38
28
82
34
101
90
76
35
109
161
133
48
101
36
91
29
110
108
219
67
29
220
196
154
44
99
132
65
58
7
55
76
58
252
102
14
109
87
71
168
66
177
27
76
78
238
145
37
86
55
116
36
112
69
58
33
51
21
100
29
93
52
27
27
136
109
42
81
22
104
20
181
59
147
15
177
89
111
78
159
142
103
63
70
25
132
91
137
42
28
114
36
47
81
52
21
106
90
189
144
57
90
132
75
20
156
44
53
168
38
21
43
59
26
232
86
21
20
55
90
66
119
5
47
20
57
71
41
47
2
55
95
136
40
59
169
30
40
80
35
217
111
163
31
47
62
94
110
69
88
110
91
19
41
14
61
47
84
78
35
140
42
219
82
60
48
122
42
70
90
83
41
28
54
50
46
18
65
136
205
139
79
53
43
28
53
15
54
24
82
21
90
100
51
26
41
115
160
37
134
50
28
235
145
137
58
37
85
51
33
85
65
109
25
54
11
39
106
18
18
73
174
52
86
36
36
118
116
146
61
76
115
29
44
168
29
22
93
38
56
60
92
93
90
27
85
148
57
230
98
43
44
148
69
88
43
102
119
71
19
77
96
47
95
113
33
53
89
75
58
116
142
49
41
81
38
97
24
40
90
89
216
68
72
99
40
154
99
113
57
91
109
155
74
46
19
59
11
35
45
134
81
42
60
76
139
101
107
17
112
162
109
145
42
204
163
52
59
119
93
34
103
98
196
96
62
66
112
126
28
47
103
77
141
59
53
40
54
109
48
94
112
78
52
21
122
83
14
80
121
216
63
106
19
65
69
155
143
21
91
98
236
17
21
147
16
135
58
51
13
141
11
179
57
65
25
37
56
4
89
59
94
26
73
58
46
79
74
66
99
31
77
44
119
92
9
25
69
133
113
31
45
80
135
43
113
106
129
62
106
26
50
10
105
53
89
15
74
42
38
80
127
72
138
48
86
104
112
67
25
135
82
114
212
42
82
36
77
56
56
56
65
85
12
169
78
1
262
59
73
19
82
124
76
56
61
23
195
64
66
104
86
53
179
99
97
39
33
10
136
39
91
51
64
116
13
61
88
44
31
82
46
50
158
186
80
117
42
84
16
270
60
142
83
50
88
25
30
75
40
105
59
20
43
27
70
189
60
174
50
126
77
53
50
68
160
47
40
20
77
78
70
50
116
39
88
102
81
120
111
74
136
68
51
38
18
75
37
26
126
33
171
38
61
31
175
63
45
32
119
103
20
127
161
58
39
74
51
32
7
77
139
101
91
23
129
60
137
121
14
90
115
183
172
41
102
58
47
150
72
123
220
46
63
18
169
122
83
85
32
65
143
39
59
140
115
47
47
54
35
35
14
10
126
81
42
44
35
106
26
80
102
135
56
155
70
46
136
53
69
47
41
76
22
149
79
153
15
29
84
45
74
37
57
32
65
45
116
37
228
118
36
35
176
65
48
33
63
163
159
130
33
75
111
133
52
75
42
36
72
78
38
44
56
120
138
71
107
80
45
92
59
58
85
52
28
114
79
43
194
128
9
59
34
22
77
148
131
42
113
125
82
110
64
114
25
74
47
41
39
27
58
208
112
126
72
154
35
12
20
52
66
44
80
98
51
61
126
328
45
150
103
129
60
14
143
170
27
122
28
93
46
42
96
40
86
69
32
111
57
54
85
51
26
71
10
103
105
114
43
51
38
194
94
53
80
67
42
50
34
71
50
57
43
81
120
90
150
70
136
46
69
38
108
41
85
25
11
8
51
103
94
92
112
55
106
19
153
145
52
67
99
105
26
34
143
102
109
67
102
6
121
64
35
133
43
110
44
60
74
72
77
139
44
27
10
45
43
77
111
51
150
47
65
68
35
28
88
58
229
7
89
57
78
112
50
13
56
66
44
81
110
47
52
39
75
30
138
229
121
99
34
36
133
23
84
37
45
25
64
75
142
127
17
40
144
57
98
72
158
103
92
137
126
47
80
53
89
42
141
68
106
35
32
101
60
104
12
15
55
38
30
56
146
30
330
124
103
89
142
67
46
45
80
81
103
112
152
101
149
47
45
258
91
40
47
110
272
48
47
24
14
28
101
149
202
72
102
62
404
202
141
75
74
41
94
77
82
37
37
90
14
42
46
80
34
89
263
62
82
151
43
55
213
163
16
25
66
53
7
44
72
87
53
113
31
33
75
70
110
34
29
110
7
62
33
40
72
163
26
53
31
180
3
173
40
107
29
119
96
15
72
56
157
70
58
97
204
172
90
8
57
69
52
26
7
86
95
100
73
44
30
47
106
35
75
107
35
67
16
14
66
119
152
105
332
144
58
43
84
8
130
27
52
32
81
57
37
34
188
159
69
75
56
304
62
110
82
119
80
161
46
44
56
35
209
24
52
72
139
42
20
51
52
47
84
59
41
40
40
74
85
91
99
51
58
58
117
24
38
47
124
112
114
74
86
160
143
102
107
281
95
101
44
60
92
13
43
72
52
103
84
67
51
111
77
40
26
93
170
38
12
41
62
98
86
40
32
53
145
63
102
25
173
53
94
87
37
155
47
44
78
84
107
92
72
69
181
84
76
33
16
53
26
81
33
56
59
151
48
90
284
62
57
53
63
33
49
108
77
84
72
156
39
58
50
68
100
104
71
87
67
223
92
95
20
32
152
12
110
137
23
32
47
212
123
98
131
54
75
156
43
34
117
101
146
67
126
101
60
57
92
136
46
20
71
56
56
116
65
54
61
38
48
105
39
28
46
50
110
37
20
39
86
147
167
138
124
71
63
86
57
126
49
111
70
97
97
34
73
88
50
73
90
13
36
29
34
44
38
158
55
88
42
88
214
76
190
15
227
38
73
138
242
76
282
68
111
52
66
40
58
51
66
103
82
72
29
32
37
80
58
43
117
69
205
61
55
136
137
129
55
118
97
22
20
59
10
136
135
73
99
109
76
91
11
29
82
80
114
135
52
157
124
138
105
35
41
39
114
58
47
206
181
63
42
89
20
37
38
166
79
160
10
43
153
111
50
166
86
111
130
25
86
25
107
241
162
104
11
298
176
220
38
184
71
52
74
97
74
144
78
44
100
51
92
43
101
90
118
51
75
74
144
16
43
63
171
36
150
62
121
80
72
92
58
31
42
30
68
78
36
30
187
175
37
35
84
22
31
77
67
68
56
63
58
24
63
85
188
156
40
125
55
111
22
215
41
60
75
43
50
66
116
115
43
120
103
55
205
124
141
35
73
31
115
89
37
40
24
102
35
94
81
34
106
67
148
81
47
41
99
57
108
56
83
60
52
186
42
45
143
124
200
193
135
140
160
130
37
124
122
192
67
104
96
87
63
60
99
168
38
171
166
74
90
14
146
105
102
52
110
67
47
33
117
56
34
74
73
49
58
10
48
137
66
160
171
29
179
76
22
42
78
19
38
38
44
31
105
92
99
41
71
45
66
72
73
109
63
62
68
319
63
46
107
62
79
132
53
98
70
36
58
71
174
36
99
79
85
124
99
118
84
126
37
77
48
173
22
169
59
84
105
111
83
19
108
18
202
65
107
29
12
82
88
72
72
50
75
35
139
348
130
57
93
95
35
59
30
108
28
27
103
49
18
67
31
72
55
31
160
73
105
50
31
66
47
38
27
8
55
12
46
83
54
41
60
8
75
186
54
32
48
15
60
103
68
26
28
140
46
72
134
69
56
80
30
218
69
35
21
71
53
68
72
41
18
43
72
117
97
113
41
53
110
100
159
88
53
26
38
51
27
