53
93
37
48
37
207
105
88
56
83
69
35
41
77
108
182
91
59
43
109
63
88
211
62
189
43
43
182
125
57
38
137
66
46
19
87
92
97
78
53
16
40
49
45
105
105
142
105
38
89
53
31
35
67
50
93
85
123
321
43
64
57
34
51
130
29
70
53
70
31
285
94
68
9
13
82
43
157
38
31
87
142
57
68
134
41
204
45
45
199
112
93
18
131
122
66
64
113
93
31
48
96
293
60
41
79
139
182
332
1
97
111
51
150
31
96
38
35
105
38
58
46
44
234
207
68
55
168
103
94
41
7
247
172
10
54
195
132
18
108
217
73
68
30
174
43
37
107
108
87
24
62
109
94
194
18
222
31
129
54
52
90
96
83
169
149
104
87
108
22
171
66
29
40
138
117
95
75
63
43
57
95
67
43
91
26
54
13
128
101
170
69
54
108
183
37
53
70
116
101
130
104
291
241
107
88
156
41
88
33
119
23
89
76
58
145
25
73
105
150
157
90
140
8
81
134
21
277
40
114
124
14
96
100
25
135
211
86
133
61
45
31
43
165
28
96
56
59
196
11
79
50
33
66
61
73
114
66
59
83
23
163
105
38
173
46
50
146
83
159
42
207
112
72
97
46
56
101
32
27
65
50
152
13
179
103
150
79
58
29
49
72
124
119
82
66
10
79
187
87
204
64
186
73
78
74
87
98
15
113
33
37
26
132
84
30
75
73
17
65
126
107
51
36
20
69
135
215
133
52
77
72
27
35
132
83
86
213
87
83
99
34
63
127
123
145
186
112
67
189
84
54
79
205
62
67
39
12
70
44
89
183
129
134
36
58
39
75
84
154
45
20
71
147
220
141
25
141
45
54
67
49
116
144
129
33
142
160
138
244
60
12
64
42
109
44
77
126
86
150
76
113
231
156
22
167
66
154
30
109
54
113
32
158
155
51
44
48
64
143
53
55
97
13
206
42
60
97
66
64
23
36
65
169
144
87
41
123
134
124
43
128
58
127
58
63
88
112
92
74
86
53
217
173
49
187
55
26
77
109
86
77
55
79
74
117
65
31
121
100
60
20
113
171
125
51
38
54
51
120
75
106
50
139
113
133
56
206
25
118
67
52
59
32
37
28
110
130
45
142
83
181
112
67
38
50
98
193
53
71
62
72
54
47
80
114
82
105
117
137
39
45
121
66
31
142
37
13
32
94
57
11
117
56
125
52
44
182
57
60
45
161
155
145
81
7
107
144
133
141
5
65
118
24
48
72
80
64
46
181
216
29
109
47
135
62
62
101
13
207
264
21
59
130
118
97
115
20
9
99
137
18
57
79
189
78
37
88
304
155
90
37
34
30
72
96
286
124
20
161
126
95
24
58
74
81
66
260
24
29
61
79
46
97
46
39
61
225
86
31
20
87
100
62
164
112
62
159
156
62
57
80
138
79
62
86
95
76
201
41
106
64
46
104
73
74
53
69
131
18
114
104
77
71
134
112
104
185
150
76
268
89
89
111
50
31
214
74
45
186
76
15
113
202
41
50
99
88
40
81
49
176
59
33
67
11
129
67
94
54
100
25
307
61
30
58
65
16
238
87
97
32
37
36
110
69
93
77
74
45
38
68
36
105
84
91
115
57
44
129
176
46
69
125
102
89
38
119
87
111
53
139
101
45
81
62
110
185
34
26
153
145
184
84
52
19
149
144
80
102
78
125
37
91
6
147
14
80
97
19
168
59
91
139
72
77
139
127
120
24
94
97
217
69
94
81
40
59
40
147
133
67
81
40
55
219
82
176
83
107
19
88
121
107
51
86
75
145
44
110
69
35
145
76
31
84
46
58
25
106
60
140
17
199
39
247
96
102
60
9
62
156
70
92
94
117
58
121
55
175
105
49
47
93
111
160
89
73
36
71
109
45
181
94
155
116
93
74
180
42
62
38
27
110
81
65
170
88
80
125
98
63
72
37
86
186
43
28
71
94
63
137
51
51
88
82
120
103
135
168
121
26
174
113
89
83
75
39
41
77
145
81
67
233
40
67
159
130
177
16
47
36
73
76
104
146
41
62
44
60
142
118
122
98
132
130
84
96
132
65
180
228
97
124
135
97
104
93
55
104
14
33
27
148
31
100
82
113
95
93
112
111
54
60
16
97
102
191
13
94
51
150
172
112
114
79
21
65
170
211
103
39
125
70
79
72
65
390
115
118
85
89
75
63
48
74
110
190
36
68
123
24
52
102
87
110
84
83
44
30
131
69
106
34
278
55
46
57
26
111
153
48
111
70
45
194
52
217
270
59
133
26
111
90
66
9
14
104
75
56
43
49
111
60
157
168
44
125
20
65
153
84
40
108
40
46
130
59
125
119
182
9
31
62
37
95
86
145
131
134
79
175
72
165
26
120
91
213
94
58
75
314
113
70
84
67
95
74
41
82
69
83
33
128
84
68
43
60
153
41
32
103
44
40
48
63
158
100
99
37
104
47
26
183
23
36
81
65
63
222
45
80
60
1
19
86
117
16
129
135
151
28
112
99
185
116
92
65
109
63
6
83
188
112
63
10
98
161
83
43
10
65
71
109
56
151
35
19
64
50
167
80
70
169
100
72
214
195
57
40
67
54
139
110
171
49
87
40
221
39
62
146
54
30
121
106
122
102
142
26
71
31
72
169
118
85
78
82
56
75
40
21
42
82
75
117
33
68
55
52
121
31
98
48
69
126
42
106
54
53
39
23
109
91
75
92
51
37
141
205
57
22
82
75
32
43
62
59
72
78
70
119
53
146
68
75
54
135
34
153
68
33
59
75
63
38
146
88
31
337
44
185
76
53
63
60
84
71
45
49
33
36
125
27
147
71
63
78
167
34
27
59
159
112
108
36
26
103
101
37
108
145
52
126
123
76
113
50
24
68
48
201
26
157
41
74
35
24
110
80
14
21
132
123
24
85
89
131
45
126
60
60
182
73
121
26
11
193
89
34
44
79
31
62
88
19
91
125
63
149
54
35
91
97
110
57
135
94
199
60
115
204
86
90
333
207
103
92
11
112
55
101
176
60
76
61
21
131
34
45
257
84
116
55
111
20
65
163
48
137
25
94
58
99
36
132
61
74
63
49
163
121
143
56
26
120
75
31
137
55
160
68
51
10
46
51
62
33
37
100
58
27
69
107
138
119
132
259
34
100
41
24
39
26
78
44
254
54
44
93
147
78
245
85
354
244
107
59
30
44
74
84
44
25
32
35
82
21
134
25
27
53
83
66
55
71
153
153
60
82
43
93
190
56
124
48
57
43
166
95
137
159
158
55
99
59
54
23
114
33
41
79
88
112
133
127
30
72
31
24
112
55
121
84
71
110
99
86
44
36
113
17
57
90
125
111
205
189
33
64
9
40
31
115
70
80
7
150
107
102
33
69
114
116
41
132
81
116
93
108
121
38
82
48
199
47
104
105
31
73
87
114
93
72
165
68
78
70
56
64
112
119
36
31
223
133
68
72
39
58
103
40
20
53
32
53
41
143
50
118
52
75
143
32
60
140
19
169
50
231
26
71
31
83
172
132
33
179
19
128
138
86
35
42
23
89
143
33
152
123
37
95
140
72
52
113
100
35
109
100
104
74
61
31
82
151
29
5
20
25
67
60
53
77
67
63
76
177
83
125
180
101
17
68
72
76
128
83
29
217
105
16
102
113
204
37
147
100
190
121
162
22
47
152
134
57
47
68
55
52
80
193
149
125
90
98
36
99
117
84
180
15
52
299
123
198
76
105
82
267
17
233
39
65
63
82
77
31
263
168
55
63
47
57
53
109
58
93
28
23
70
33
198
73
153
29
79
173
67
62
89
103
166
108
26
182
135
73
46
42
88
65
199
117
163
124
55
53
140
71
39
61
116
129
101
100
174
166
128
138
73
19
43
98
24
44
49
121
25
28
83
14
38
161
94
239
38
122
218
16
97
74
28
108
104
132
105
116
58
89
94
47
53
63
92
53
23
279
21
71
90
57
127
91
110
128
55
106
161
85
338
29
92
32
181
95
139
68
124
35
109
50
68
62
88
30
159
64
218
113
73
30
53
104
61
42
47
160
93
153
46
116
292
50
116
58
350
90
115
91
143
113
97
41
52
192
66
131
29
40
67
4
89
59
70
119
53
92
253
33
37
149
225
119
58
17
51
129
76
66
34
26
71
34
215
146
151
77
149
23
64
46
51
64
98
36
67
46
124
31
78
28
49
101
44
104
20
102
23
76
162
76
150
108
68
39
63
82
60
14
61
129
21
104
131
8
29
207
151
43
43
30
105
230
85
107
169
262
171
104
57
170
43
70
39
40
80
74
55
9
81
157
79
120
83
72
162
220
82
69
15
36
72
42
63
30
42
86
109
80
43
79
117
41
54
68
97
65
46
25
55
60
234
151
63
70
139
99
59
78
151
28
177
56
28
62
131
57
106
198
91
44
24
39
99
93
10
28
93
241
30
86
52
69
27
9
47
8
80
60
95
216
28
97
22
67
137
116
58
128
78
111
76
95
48
166
314
79
15
84
73
9
64
90
49
169
49
86
50
37
65
62
65
15
98
79
18
156
72
162
70
35
32
147
187
96
155
50
153
65
54
117
102
276
89
90
31
65
39
117
66
55
37
103
46
105
14
93
133
36
100
228
65
134
51
14
106
156
25
36
57
120
44
111
168
30
60
68
94
184
91
21
107
77
147
88
70
20
173
89
146
224
45
20
74
41
57
190
113
74
44
135
17
36
44
65
80
50
106
47
41
158
177
73
45
30
59
241
284
58
71
63
59
112
145
47
127
84
30
118
27
73
94
93
95
254
206
137
154
91
40
90
45
67
48
207
31
14
90
35
74
160
104
30
29
114
100
98
38
40
140
30
37
84
116
124
68
169
92
120
75
62
66
110
143
28
62
99
79
103
2
59
29
34
3
118
143
132
131
69
90
105
120
122
45
105
136
8
78
69
135
8
200
55
55
30
209
174
37
116
130
66
74
87
87
135
21
189
143
71
101
92
63
5
107
197
52
34
45
62
106
7
117
88
31
110
112
216
70
91
99
71
57
58
56
43
123
29
69
54
55
58
46
148
51
96
41
71
67
99
125
61
110
103
275
25
44
215
91
57
194
46
82
106
322
139
38
24
77
84
33
36
42
138
60
96
120
125
69
132
254
98
49
31
90
111
28
175
13
55
150
22
88
114
44
65
58
111
141
147
51
98
64
58
121
113
20
54
75
17
109
92
68
113
118
107
119
54
63
145
119
89
7
169
167
118
46
79
27
510
33
30
105
177
77
93
140
147
235
192
36
87
27
144
126
64
28
89
56
71
107
81
102
109
52
75
42
192
49
20
24
15
88
110
132
41
89
178
46
122
120
185
103
48
109
26
69
37
85
48
60
76
73
90
65
91
61
68
96
93
135
109
60
72
124
25
114
246
146
33
59
41
108
84
58
124
159
54
36
17
95
86
71
37
93
40
21
144
64
65
97
15
94
62
48
193
72
22
83
26
41
57
32
17
92
78
69
42
97
53
113
37
34
109
42
137
76
67
295
90
40
230
79
39
51
208
114
99
191
124
84
29
84
45
14
75
140
97
92
69
94
67
50
34
50
90
63
85
145
67
89
51
193
26
106
32
81
54
71
23
120
79
27
110
23
124
153
100
114
19
71
137
78
147
64
135
88
156
52
199
45
17
124
125
16
91
60
56
170
48
90
144
22
74
93
14
201
25
24
137
127
63
67
106
106
50
100
46
186
75
66
122
55
88
58
73
102
44
48
58
54
76
52
37
39
42
177
62
169
116
62
109
9
61
53
72
22
31
40
33
46
32
121
68
75
47
55
104
239
83
166
74
109
37
62
115
187
56
30
22
107
191
86
64
90
93
122
189
140
85
24
116
71
49
117
32
106
10
367
148
38
136
104
111
67
285
88
16
13
161
16
35
41
31
44
42
78
68
20
5
51
30
105
194
84
95
72
179
7
83
165
61
82
78
164
34
84
61
32
81
55
29
107
64
92
93
99
122
126
79
63
102
127
22
88
102
97
82
188
81
6
144
35
14
114
58
110
77
40
79
78
226
103
39
29
110
105
155
76
192
86
96
97
89
198
55
181
60
92
17
141
95
105
58
30
52
41
99
159
48
34
67
304
206
39
141
169
72
188
130
124
47
83
103
25
88
165
87
185
114
97
240
47
128
114
83
201
90
52
86
60
64
146
25
131
93
49
172
280
14
139
191
63
49
107
104
53
133
125
42
229
137
36
50
69
22
54
37
21
126
82
92
7
118
126
112
127
55
20
117
110
5
103
49
49
62
32
94
32
102
227
92
90
25
111
85
41
186
283
34
38
54
22
107
162
37
121
213
44
281
30
239
93
103
139
23
45
101
60
128
50
120
39
136
215
48
48
157
117
26
16
61
55
163
54
163
86
113
59
71
83
46
65
80
123
48
197
119
11
133
52
79
79
100
50
40
32
49
36
137
101
159
59
133
128
116
190
72
20
31
24
24
109
108
49
189
131
163
97
42
139
36
165
50
60
26
76
43
146
104
221
60
88
114
37
107
41
87
57
63
84
79
140
103
37
67
0
120
143
67
71
21
221
187
58
159
109
54
79
139
90
145
30
37
24
91
187
143
147
42
119
13
71
49
131
98
90
70
101
111
81
35
119
146
31
86
77
5
2
144
225
30
69
115
47
130
14
78
100
50
96
120
178
43
74
151
35
45
254
127
12
84
63
127
50
42
31
75
39
172
30
55
13
72
131
31
25
43
62
48
3
128
75
70
8
19
122
29
127
29
134
67
46
30
77
41
133
53
49
69
96
39
81
30
7
136
240
228
80
30
191
52
71
95
22
143
113
95
118
83
92
215
107
134
135
15
101
83
45
77
92
34
53
105
39
81
159
109
128
84
96
114
31
216
69
202
64
130
58
76
45
32
18
111
71
54
135
38
52
127
77
96
157
112
87
19
169
19
141
48
33
85
30
104
67
138
75
39
75
217
193
225
26
150
118
17
185
50
67
85
57
64
95
60
44
72
126
112
91
90
32
116
76
51
26
85
87
30
92
114
103
65
53
39
90
172
95
77
73
134
37
33
62
118
13
200
109
38
102
36
133
193
75
115
187
30
92
59
71
71
60
116
96
37
23
103
12
18
163
29
152
115
183
127
168
48
103
138
44
51
70
130
81
31
42
73
77
127
28
85
93
154
121
111
80
73
78
181
114
64
60
123
69
42
100
201
35
98
64
49
37
9
82
39
295
111
25
72
57
160
93
146
84
78
47
117
176
88
114
77
37
59
72
165
76
98
150
32
72
83
79
74
120
133
56
19
132
67
215
69
105
24
155
33
93
50
170
60
117
141
87
110
119
199
82
36
77
76
95
63
33
66
130
65
21
52
94
100
145
112
42
93
33
69
86
65
174
113
41
37
37
23
109
39
135
114
222
160
71
162
54
52
56
161
48
73
79
25
160
44
48
104
148
160
91
56
44
176
14
213
39
43
61
158
166
24
73
36
63
51
62
257
109
107
138
97
55
62
45
109
47
37
62
71
35
152
91
4
87
54
128
68
51
53
78
38
79
27
138
95
18
52
80
20
75
100
42
141
83
39
51
242
46
89
322
28
73
76
71
69
93
138
93
274
39
101
25
46
87
188
52
188
152
32
66
37
156
84
84
44
78
36
137
88
80
56
69
128
35
49
75
116
81
50
146
18
34
201
87
15
92
131
51
93
84
116
17
28
48
168
39
48
92
174
119
104
39
11
136
65
35
171
29
28
114
58
225
25
124
284
85
37
127
51
11
81
67
66
192
46
39
93
73
155
193
76
74
55
62
62
69
41
226
18
106
72
51
108
46
29
38
83
35
86
154
254
56
85
21
124
48
63
113
163
97
88
147
125
191
66
111
132
23
26
45
55
89
141
41
22
56
24
58
33
156
58
25
39
42
45
92
201
326
265
50
91
71
157
42
88
138
62
18
56
84
30
160
175
92
94
99
56
55
61
46
110
134
72
66
79
210
148
38
30
131
57
111
75
56
63
146
93
81
52
91
100
78
101
74
16
25
20
97
217
65
67
97
137
124
132
59
174
50
41
114
131
57
172
92
9
170
46
75
93
38
131
82
40
61
109
47
136
140
186
123
92
59
83
66
139
80
49
119
90
105
26
125
71
100
17
29
179
29
102
19
122
121
103
119
135
97
48
160
3
179
2
151
73
81
121
148
67
17
43
66
32
67
67
100
30
48
51
99
94
50
184
14
52
52
125
145
103
54
141
154
54
80
38
53
157
94
107
19
120
78
87
151
148
61
162
64
106
91
165
121
152
130
76
27
23
116
72
19
60
188
46
280
140
63
123
45
105
70
211
168
11
137
49
59
227
132
85
292
44
97
92
96
242
58
185
136
0
88
102
67
100
30
68
168
130
59
7
73
49
102
88
179
180
103
24
136
112
23
115
140
31
38
121
120
30
124
58
30
111
147
100
145
28
82
173
194
243
22
35
47
131
39
38
143
161
88
151
71
26
49
50
59
42
95
127
260
120
209
40
81
178
75
76
103
191
60
83
38
160
65
131
40
155
78
218
117
42
97
134
130
129
193
52
122
57
205
33
130
121
116
42
135
170
187
53
29
86
36
57
105
64
25
146
191
98
106
101
113
65
59
234
114
65
54
29
29
88
120
129
53
23
23
34
74
89
54
113
193
58
182
151
200
123
113
56
209
70
96
151
30
30
59
94
85
95
85
190
93
117
81
88
210
52
78
47
129
86
34
99
77
85
102
35
124
145
59
70
100
60
17
138
104
79
253
85
86
52
138
54
89
107
92
94
154
85
113
9
23
67
114
130
70
154
26
84
107
128
92
96
344
77
114
48
43
268
135
167
130
246
128
64
69
32
203
141
96
89
60
91
56
233
136
86
99
32
138
38
84
72
52
110
98
40
262
27
161
102
64
67
81
115
74
75
110
38
47
80
57
227
65
128
79
102
145
40
86
67
92
68
114
119
55
157
54
43
159
27
86
67
59
76
42
46
49
112
172
71
122
81
216
22
31
118
34
36
87
121
55
73
103
23
50
26
184
51
64
166
55
42
103
46
39
48
133
100
173
63
39
155
46
96
74
59
81
129
131
219
132
41
76
94
150
41
107
35
140
53
142
70
41
160
179
54
46
51
82
43
78
167
136
26
124
45
24
73
42
91
124
119
79
222
59
37
67
102
265
76
47
47
58
46
58
175
21
51
26
140
69
80
191
72
77
25
31
126
185
222
126
66
168
69
47
58
88
143
303
35
117
155
74
155
98
85
15
55
48
153
32
114
108
135
52
128
7
37
96
56
64
39
15
66
26
125
36
148
56
70
119
57
93
94
108
69
187
25
97
140
49
117
30
69
114
68
84
82
19
28
44
263
74
117
112
10
126
74
11
30
29
88
161
91
40
41
85
65
76
96
101
42
134
81
58
40
70
99
12
12
150
28
128
135
108
82
84
17
206
231
127
195
169
153
161
34
221
105
175
10
110
60
12
45
123
140
40
105
48
79
304
137
78
48
80
109
37
176
86
99
48
92
49
155
79
65
78
74
32
121
74
12
87
71
184
22
116
145
81
63
135
76
48
73
89
55
81
176
111
20
53
160
45
96
64
142
206
190
55
123
78
39
136
115
107
85
106
114
99
174
112
45
81
8
69
29
134
54
79
78
136
112
66
78
64
8
75
120
110
175
73
125
87
65
125
74
24
41
13
61
89
169
157
97
97
120
106
57
93
53
87
55
42
60
36
165
158
48
177
124
164
76
53
156
233
15
70
132
26
212
126
78
126
78
94
56
131
126
120
153
131
118
143
168
115
186
82
102
43
39
67
20
79
45
45
120
14
37
59
38
55
284
130
85
252
62
118
27
96
218
209
68
51
30
41
121
66
48
33
174
114
220
30
61
170
177
151
21
85
71
151
95
103
218
221
153
40
112
40
93
47
79
105
63
63
61
120
28
83
5
70
72
47
14
56
205
169
71
110
92
76
92
76
42
83
22
81
57
108
132
73
131
107
284
142
58
168
108
37
21
69
176
137
53
121
127
216
183
114
105
64
82
296
102
169
113
88
87
57
45
27
73
60
193
69
94
57
129
123
141
39
118
62
76
79
51
125
189
24
70
72
82
1
223
58
26
128
167
136
59
168
37
150
127
125
40
67
111
36
75
99
50
24
32
16
104
168
121
40
50
110
149
17
105
33
131
199
253
64
181
30
122
50
33
95
140
33
64
86
42
121
16
127
258
103
140
275
70
61
143
122
115
54
97
89
72
81
129
32
101
85
52
58
51
106
137
83
168
97
118
48
227
18
64
82
65
63
82
111
171
75
109
54
108
65
93
101
73
135
201
107
123
141
140
34
145
95
93
134
91
60
38
42
72
111
91
69
152
117
159
16
59
46
97
167
167
141
30
76
64
115
121
89
50
24
43
79
135
52
67
55
44
28
27
46
97
125
56
65
105
89
164
79
123
101
68
103
114
364
63
71
34
73
45
27
177
39
167
207
155
93
127
66
51
82
164
44
34
50
26
16
55
92
164
157
203
71
184
118
69
24
169
47
98
224
62
57
100
29
62
62
55
60
149
22
74
50
129
140
31
59
70
52
97
73
52
54
52
90
75
1
52
111
71
29
117
26
181
36
148
95
46
75
8
15
196
118
414
58
76
232
128
20
82
61
42
118
51
28
76
66
24
58
28
37
122
76
47
111
62
162
27
13
250
92
82
56
44
57
92
152
97
65
28
41
59
82
156
157
35
125
14
167
19
78
164
99
18
66
97
94
140
74
16
123
62
25
71
123
80
91
61
177
37
72
95
31
47
126
46
95
286
150
46
17
43
65
62
42
61
83
89
11
77
126
213
53
45
53
165
37
134
41
23
130
35
70
42
164
120
48
45
75
144
182
121
103
21
21
68
62
159
165
184
39
91
85
60
21
184
31
34
129
48
5
191
92
112
37
76
108
87
39
51
62
155
66
50
70
46
34
76
83
83
77
25
148
67
93
40
120
64
25
42
54
46
116
212
59
45
89
96
124
51
69
79
45
77
85
26
124
81
113
115
54
197
80
133
98
67
14
54
63
56
41
136
31
57
55
49
72
47
184
31
80
118
91
55
87
41
108
84
27
26
106
121
167
70
32
139
79
119
174
201
53
85
47
93
53
94
57
87
82
89
55
52
90
169
24
89
43
13
144
69
50
30
111
98
150
51
56
44
20
82
46
58
116
118
82
27
74
80
29
205
67
79
140
66
77
51
52
136
39
42
238
67
108
31
149
14
35
89
50
32
189
89
80
75
140
110
104
88
48
24
113
137
141
118
43
203
48
83
215
60
68
147
72
60
168
12
166
19
26
88
150
170
83
134
52
76
285
44
81
45
68
88
41
43
84
39
64
164
89
122
36
40
74
61
162
51
116
31
17
101
137
112
33
58
248
84
42
195
52
36
64
6
22
36
17
78
78
67
20
51
114
60
140
77
24
203
137
252
34
17
55
49
187
57
38
114
77
38
200
101
143
49
31
97
39
104
72
38
46
65
165
19
100
92
214
18
40
25
15
37
177
87
82
146
34
69
50
60
74
34
83
52
115
60
65
131
19
212
107
76
45
40
7
56
55
29
120
40
114
115
18
113
117
136
48
24
71
47
22
140
283
118
61
161
57
82
42
64
59
105
113
154
94
129
48
38
7
50
104
35
63
26
40
299
47
53
131
217
158
152
104
43
70
345
32
27
66
116
47
55
65
102
197
113
73
165
62
134
94
48
58
45
100
79
165
62
57
249
24
168
72
220
87
88
62
148
113
67
46
86
190
124
26
80
75
29
66
200
85
73
39
115
32
60
246
104
94
41
100
32
53
21
90
53
38
82
9
56
115
75
32
39
144
108
40
45
91
127
101
93
70
82
84
45
143
72
85
82
140
70
59
138
48
72
133
1
159
79
106
37
156
202
129
74
37
75
54
104
118
185
133
96
88
60
41
190
56
142
163
81
51
179
98
50
15
87
27
42
127
130
33
149
7
40
219
68
127
64
47
117
51
104
40
83
70
140
175
41
104
82
112
94
95
17
19
113
176
70
114
95
83
176
119
63
90
32
116
153
81
34
103
145
113
77
83
50
116
63
164
193
48
67
96
42
23
67
62
105
41
120
137
71
83
85
179
77
74
37
92
40
141
41
129
21
61
139
118
114
155
112
129
116
23
110
147
31
63
177
63
120
260
55
254
17
85
114
40
96
232
50
22
103
14
114
60
69
87
75
34
123
36
106
124
52
151
55
143
43
136
62
85
104
175
55
98
68
55
61
56
82
130
30
58
158
78
24
120
48
84
27
74
102
90
115
102
64
70
159
160
174
19
26
120
79
29
148
50
139
89
152
68
110
44
155
103
217
168
213
43
51
42
74
21
62
41
133
28
30
110
142
69
38
43
208
67
14
43
30
100
62
28
230
43
127
50
72
196
41
73
21
155
41
101
25
44
103
108
139
72
30
48
76
56
91
38
149
86
106
38
51
100
22
57
128
46
57
55
113
79
45
134
98
106
85
42
163
93
137
81
84
34
76
17
31
54
81
34
154
148
60
139
55
101
90
9
98
70
64
59
47
258
86
239
66
96
69
45
104
190
107
205
214
205
22
96
16
63
46
144
170
78
74
20
112
20
47
46
76
62
167
153
82
222
67
117
26
237
25
67
197
92
85
53
59
118
83
120
68
32
153
35
208
256
129
35
89
173
57
18
35
93
132
117
81
147
99
60
73
160
187
108
126
40
57
66
16
188
72
77
78
25
75
128
79
30
45
90
86
64
22
45
70
77
40
247
54
75
197
35
13
53
141
173
46
51
75
174
102
123
41
57
105
201
106
100
124
117
107
12
96
30
104
166
84
28
18
46
159
104
122
170
52
118
34
64
36
73
63
16
51
22
41
239
134
122
147
87
78
77
38
70
51
27
54
47
34
207
111
35
41
98
186
18
217
129
99
27
81
80
134
76
92
74
48
103
29
47
75
48
119
69
36
34
26
101
167
16
127
37
75
51
96
59
35
274
23
27
256
38
33
69
37
61
133
107
95
57
52
176
61
38
113
31
151
57
80
22
118
32
298
56
116
53
255
164
19
116
60
47
124
189
78
95
30
65
44
85
163
97
86
55
87
106
93
83
78
53
101
88
103
127
107
60
109
27
79
77
91
102
39
47
203
154
15
83
68
9
121
60
135
106
32
82
71
125
58
175
143
39
68
31
101
23
73
39
54
169
37
116
83
22
20
228
47
71
41
10
13
79
97
54
44
48
149
66
39
68
164
75
216
106
135
57
45
37
95
134
99
169
51
89
34
179
88
104
141
235
68
50
144
56
65
114
100
109
72
121
94
85
161
55
80
137
67
104
114
63
198
95
5
11
115
34
129
53
131
129
264
118
13
37
31
49
87
140
54
154
114
56
173
163
154
101
131
172
85
58
120
13
89
105
47
158
118
91
84
334
54
199
128
148
118
73
107
50
55
86
65
109
43
44
52
189
51
55
104
141
101
72
52
158
14
102
133
65
66
238
378
67
242
126
144
53
118
90
115
9
50
78
90
88
82
106
51
37
138
7
78
133
164
95
54
110
52
35
112
87
63
29
100
177
69
96
49
57
40
154
128
247
129
45
48
55
100
91
161
122
24
73
29
110
218
69
297
75
67
163
154
92
39
140
49
95
109
115
69
102
208
83
33
373
34
52
65
126
105
193
148
102
171
70
70
44
50
5
31
67
31
121
64
77
142
49
99
141
113
27
238
55
64
194
45
93
79
56
155
74
124
61
98
21
41
70
98
93
83
95
25
34
92
28
91
210
127
93
12
138
108
110
67
66
170
48
117
51
187
138
78
67
82
117
123
156
136
211
30
118
86
43
34
128
159
27
135
71
104
68
21
151
30
100
184
157
52
53
54
69
59
132
94
45
55
86
49
93
40
83
138
38
116
48
125
145
135
66
15
52
57
135
109
50
72
39
23
163
83
195
145
85
147
53
55
123
49
66
121
48
30
105
125
41
110
202
74
30
40
47
76
105
61
193
126
132
74
66
297
69
125
138
51
79
64
44
121
83
85
63
32
82
119
40
29
109
92
102
89
12
88
43
115
73
49
125
38
148
74
126
32
16
72
41
109
48
116
179
72
77
79
60
166
104
229
120
216
38
49
35
107
26
72
20
58
39
332
54
144
77
25
76
125
18
109
194
123
42
51
64
120
15
56
28
94
245
202
39
113
110
53
45
50
60
32
56
134
59
42
121
125
138
243
121
35
184
46
70
76
76
149
70
44
106
28
86
29
46
47
71
97
66
53
101
251
189
62
252
79
52
35
48
55
138
191
148
336
13
45
249
57
216
62
54
50
330
26
117
69
109
67
20
26
61
166
40
54
185
103
152
144
83
99
44
61
103
47
79
193
89
105
139
71
50
161
119
71
78
81
52
72
54
53
68
67
52
29
54
115
39
28
114
74
139
110
21
25
51
40
74
54
104
57
60
189
106
42
39
123
46
111
91
31
62
106
85
126
115
123
115
133
80
44
73
117
43
88
180
48
46
205
118
40
183
118
20
33
24
58
99
108
35
246
71
70
18
76
75
78
61
42
62
119
60
80
46
46
32
36
254
9
183
63
132
121
55
65
302
232
248
113
44
61
73
36
117
113
136
55
205
102
93
82
243
65
100
202
46
58
96
54
63
15
14
30
68
29
117
246
84
94
72
97
38
160
30
170
88
67
112
140
63
162
70
145
11
99
162
65
8
58
99
133
90
63
16
82
88
73
114
56
5
61
5
101
122
82
152
19
97
78
54
99
56
15
171
35
49
71
122
68
81
182
20
215
88
38
11
112
70
160
76
53
87
152
64
205
142
112
82
31
181
83
151
30
13
164
99
59
58
110
188
47
131
132
41
111
27
78
88
29
96
19
48
33
118
194
95
101
71
36
59
69
87
31
28
66
118
146
61
41
61
151
115
111
50
85
65
42
85
275
43
50
75
100
81
56
152
113
159
147
133
115
74
310
195
141
101
95
91
117
46
129
19
110
97
72
42
179
19
64
83
173
158
90
81
170
159
178
140
62
107
159
86
7
109
66
69
95
33
39
9
87
72
116
21
107
67
11
159
125
54
122
70
66
75
123
183
55
79
75
164
49
107
51
124
42
94
163
64
111
81
188
73
41
210
125
24
206
70
20
20
21
151
240
222
209
18
81
44
246
191
202
93
99
199
25
134
93
35
125
37
80
42
21
159
40
156
248
127
2
114
45
74
80
25
177
41
15
46
35
123
60
117
169
124
20
97
202
89
103
78
324
33
128
138
25
102
78
66
211
77
119
99
222
32
200
114
126
72
35
45
148
179
98
56
69
85
62
12
125
93
87
23
75
303
35
79
19
79
177
52
93
71
54
241
147
109
65
33
74
91
23
86
26
26
223
206
43
114
65
72
16
54
112
189
46
32
39
108
107
79
105
104
36
81
7
133
134
85
85
82
14
18
133
130
91
45
52
67
118
29
62
108
83
78
50
147
15
116
81
64
57
43
44
50
31
223
27
135
103
46
176
288
37
31
23
18
42
42
38
114
112
7
113
178
22
223
61
204
46
44
4
45
42
121
54
48
33
250
49
93
36
67
68
203
63
249
48
115
96
112
57
133
79
13
60
36
43
42
75
140
61
141
153
207
56
108
115
179
63
135
136
82
78
120
44
176
85
59
46
16
89
105
76
33
83
45
59
66
77
147
107
49
90
26
10
158
46
20
28
231
113
18
95
81
31
115
135
31
117
79
105
134
169
51
74
64
182
83
80
70
113
34
18
153
32
86
58
139
69
180
84
91
172
94
47
77
199
74
86
152
114
26
79
80
40
122
141
157
61
15
15
186
25
388
111
233
154
13
74
37
197
160
53
93
92
105
70
97
49
98
91
176
10
188
86
144
259
251
103
110
10
165
149
83
89
53
46
243
38
71
35
19
68
95
81
33
204
167
25
38
297
130
39
67
89
169
32
51
195
66
67
137
30
53
63
34
93
11
95
144
26
133
243
220
83
60
95
125
59
22
22
343
83
82
2
94
301
59
91
103
56
39
24
224
119
83
98
64
36
193
26
5
112
45
110
19
38
82
22
106
58
31
174
213
85
82
20
41
117
130
22
231
177
111
89
72
128
49
35
121
50
26
48
64
66
90
94
50
108
10
28
105
141
90
233
35
39
129
34
111
136
42
69
146
37
236
80
44
196
5
194
78
187
75
117
95
109
122
273
155
248
112
88
30
34
87
34
136
53
133
58
84
43
75
39
61
210
81
15
81
19
75
109
161
84
48
228
9
59
27
120
71
49
46
310
38
20
67
42
16
92
24
64
127
117
38
45
143
31
25
63
48
10
26
133
34
118
59
26
48
152
162
46
95
152
33
45
51
53
179
10
205
191
125
41
174
343
6
17
13
47
46
65
68
84
62
170
70
16
36
47
135
65
117
78
197
245
32
76
16
242
60
105
36
35
120
36
98
84
152
58
130
37
175
169
68
33
155
202
80
42
54
39
166
94
189
98
99
64
34
51
157
154
143
244
22
99
33
88
272
127
90
62
83
116
106
66
150
59
147
60
112
160
131
15
87
37
73
135
265
147
115
33
103
63
164
83
142
142
69
42
111
108
119
12
135
49
128
41
103
17
40
81
221
53
134
39
121
37
111
170
33
147
204
174
241
67
83
7
50
101
266
89
60
70
145
52
28
24
46
54
59
66
22
131
105
165
119
161
34
85
81
59
27
137
23
80
58
29
56
44
34
144
60
113
88
47
164
46
62
39
182
180
64
66
64
59
151
67
179
33
134
86
50
135
145
79
113
98
103
5
34
57
187
61
47
14
87
47
35
46
79
67
49
72
64
86
4
174
98
156
152
79
62
13
43
50
122
241
244
94
194
107
37
57
173
155
66
117
38
64
153
69
156
7
141
128
143
129
79
21
129
83
51
80
174
179
59
136
132
69
182
231
115
117
15
139
96
119
9
77
134
249
54
73
91
93
163
62
100
38
121
55
202
85
86
60
110
117
56
100
139
129
43
19
57
48
100
90
58
151
145
165
134
79
15
103
109
70
120
44
90
85
59
157
97
67
67
68
137
199
227
27
117
278
76
14
5
14
90
42
132
197
158
36
169
0
25
141
47
205
51
46
166
230
34
89
38
163
55
44
114
157
97
30
117
44
35
125
102
22
197
48
66
30
4
37
21
127
11
89
176
91
162
46
43
348
129
57
176
151
126
100
185
80
48
23
20
44
104
199
29
53
91
114
61
66
69
176
59
129
106
45
43
31
104
109
194
195
45
109
65
50
79
202
12
22
56
89
27
221
256
139
81
63
62
127
13
194
28
165
85
144
219
112
34
81
46
77
118
63
45
0
82
52
51
65
108
31
131
118
66
157
120
68
65
106
51
131
70
67
210
59
113
29
44
39
231
92
120
121
235
190
112
65
104
80
62
198
175
123
66
34
116
53
30
59
63
25
74
119
78
21
62
50
54
44
76
78
65
110
121
67
34
58
53
113
81
52
29
98
94
86
21
57
65
29
108
47
20
52
38
86
131
138
219
116
79
20
54
46
189
151
74
147
109
82
80
146
68
71
36
48
144
60
154
47
268
70
21
132
89
195
90
70
89
35
120
32
141
57
59
269
52
52
87
28
262
57
58
40
106
23
129
105
109
33
18
12
49
99
116
99
60
68
48
56
90
45
151
106
21
28
84
119
82
85
85
99
12
36
75
172
105
133
158
55
29
52
155
74
178
123
102
83
42
60
18
125
70
107
80
67
101
143
109
33
159
93
96
52
87
61
84
152
51
68
47
35
57
107
51
157
45
54
161
175
78
111
59
96
28
46
150
133
35
95
88
75
242
66
187
75
40
57
85
17
40
21
150
75
52
91
47
81
60
86
40
112
61
20
84
170
142
60
150
54
61
158
34
46
42
222
260
186
50
63
80
85
198
113
63
48
46
69
30
120
91
69
111
66
72
80
65
48
135
44
41
46
95
142
128
100
153
106
124
110
73
53
88
119
111
109
96
45
131
43
27
47
136
160
130
94
97
157
58
38
79
47
176
17
40
10
80
95
39
33
96
89
101
42
66
169
65
192
152
25
36
24
44
22
60
84
50
21
38
131
86
109
80
82
120
137
19
106
139
37
59
221
219
191
45
98
35
175
48
48
57
122
172
135
70
90
31
169
97
93
113
130
52
79
69
79
45
205
24
119
58
88
173
40
95
94
58
83
18
112
65
87
59
200
94
58
116
101
49
31
94
163
241
46
183
48
90
163
57
179
30
142
167
84
42
118
161
93
135
51
24
110
55
18
25
126
23
56
42
141
10
34
54
58
214
10
51
127
94
56
93
71
40
138
75
61
75
101
22
44
65
114
90
44
123
120
14
194
44
75
78
147
15
80
132
80
100
86
91
43
52
63
72
17
63
124
48
92
119
154
216
151
165
93
243
62
88
107
35
71
43
195
21
140
42
91
90
32
54
64
86
59
135
155
83
17
72
216
154
106
214
15
97
55
31
309
85
94
26
173
39
131
32
40
144
34
82
30
166
38
93
261
189
50
69
72
81
110
99
36
228
78
131
55
102
96
66
28
28
96
30
37
171
6
113
44
137
63
53
161
62
79
136
46
105
91
210
55
149
111
109
63
82
135
96
120
199
61
32
244
73
89
101
10
85
108
74
191
121
75
233
47
157
47
111
108
49
201
163
138
64
79
207
26
163
73
81
187
58
144
202
37
58
126
86
19
117
80
95
69
17
86
55
154
68
48
94
15
102
163
70
154
29
130
40
74
57
152
28
50
36
103
15
75
84
58
114
105
21
91
71
59
120
30
134
73
68
92
33
63
197
140
70
44
147
77
121
108
124
79
79
134
104
121
112
92
106
115
13
112
47
61
16
65
91
54
125
31
14
79
90
44
41
229
33
76
43
55
33
108
13
185
43
79
111
71
234
48
118
181
81
73
207
23
94
216
58
53
111
77
185
11
103
76
41
109
124
118
76
63
27
189
241
70
37
134
122
124
54
63
116
250
78
230
61
243
80
98
208
78
120
141
90
36
69
96
152
38
62
89
44
139
62
109
54
52
73
97
61
158
37
25
30
62
68
66
90
108
92
39
80
34
37
72
66
155
100
113
48
125
107
180
38
64
92
110
130
41
204
121
149
216
76
85
99
114
108
228
80
77
136
53
82
58
53
217
42
76
62
144
43
56
33
63
18
79
198
73
46
171
104
19
70
158
18
52
52
19
62
37
82
3
60
100
106
65
48
99
111
140
196
61
15
90
56
33
105
122
44
97
72
55
98
30
94
37
16
133
242
222
13
41
14
33
36
139
127
80
86
171
143
115
13
17
33
101
174
237
115
88
59
97
77
78
62
58
115
113
125
38
135
169
30
122
39
106
66
29
100
118
144
32
56
215
119
87
88
130
107
74
88
145
73
94
49
142
112
184
38
31
162
129
87
44
64
31
134
40
19
112
162
116
73
38
100
38
98
102
219
86
55
319
114
52
42
117
130
193
93
115
158
68
17
47
25
71
185
77
81
89
63
33
270
78
39
62
133
67
61
237
93
121
129
51
25
135
72
32
34
61
17
156
61
186
117
200
129
66
75
114
153
223
107
43
159
56
37
110
16
45
107
124
19
47
28
3
39
76
54
17
105
133
122
108
27
112
90
73
53
43
218
24
9
36
63
85
32
92
80
27
34
73
132
11
63
82
170
25
37
112
129
59
62
144
42
162
58
94
41
136
129
259
190
57
62
114
124
48
184
89
95
65
65
127
85
29
90
94
123
21
74
50
106
41
113
91
101
36
43
33
64
124
55
13
107
113
45
17
78
57
110
109
163
20
54
47
87
323
131
60
92
79
19
136
30
25
44
60
142
124
50
82
22
108
126
100
83
242
111
66
190
65
55
222
62
97
154
46
78
216
79
58
133
182
128
55
49
154
134
89
68
87
93
165
81
120
100
71
103
204
12
97
31
93
70
112
81
30
10
63
138
121
106
32
22
50
126
61
22
113
155
36
23
134
52
99
122
74
109
98
134
152
177
16
75
93
135
131
54
43
62
135
35
31
104
97
66
136
46
103
46
122
150
52
75
32
57
58
75
6
285
41
12
98
87
70
17
149
191
70
94
109
79
28
34
105
117
73
164
124
11
46
46
30
84
80
86
64
190
35
36
28
39
48
91
35
73
38
19
22
55
150
83
63
119
85
42
53
82
95
37
122
120
42
68
123
35
95
100
139
86
15
98
46
17
70
19
108
109
52
40
55
47
87
23
145
120
93
44
41
59
98
59
77
91
291
49
22
94
27
151
59
39
86
121
25
123
78
37
99
75
124
68
163
46
165
258
20
15
241
83
36
72
41
127
113
48
85
124
37
6
159
40
67
140
352
153
124
73
57
63
128
58
111
38
115
175
125
66
48
112
44
27
186
60
50
107
50
41
69
17
23
120
65
60
145
105
98
113
48
195
45
98
138
80
17
93
112
15
21
115
92
113
110
61
183
141
207
44
41
86
157
47
49
46
132
46
114
40
178
70
6
49
226
32
108
37
79
45
82
137
43
139
59
59
31
82
46
81
96
142
11
46
3
141
216
27
22
76
109
63
41
48
196
31
22
118
85
236
130
154
55
68
12
284
65
84
26
139
42
78
34
17
99
16
63
155
95
71
150
126
54
200
86
45
60
88
69
56
52
42
103
38
83
133
50
146
78
52
50
169
165
36
21
61
66
4
63
28
100
60
115
35
40
41
84
218
26
176
110
145
52
2
24
63
77
132
98
57
55
185
182
130
101
219
131
169
43
153
26
177
119
58
118
43
138
143
31
106
31
176
57
64
81
133
39
100
77
27
113
87
124
53
58
48
68
11
61
33
88
66
213
42
16
50
82
153
204
74
37
22
38
48
40
54
34
167
80
42
74
59
28
55
111
63
46
56
36
23
102
8
27
307
77
52
159
104
23
63
63
159
92
101
100
138
49
173
57
99
30
128
35
47
115
93
27
82
96
71
8
204
53
107
86
114
31
133
35
216
33
71
113
31
60
76
16
68
58
153
33
50
76
124
108
33
16
41
261
37
99
97
116
62
74
101
173
76
76
135
107
56
88
97
117
171
63
41
156
82
130
78
46
198
180
21
79
78
77
85
217
113
50
127
124
40
132
69
103
182
70
64
60
131
250
75
57
172
53
57
11
41
100
78
127
78
39
199
209
87
228
247
151
163
31
93
152
164
88
81
37
48
84
165
62
53
160
80
87
63
58
77
126
121
160
56
129
134
7
78
156
83
107
180
80
68
48
105
30
33
47
81
60
77
104
45
40
52
179
131
98
168
282
123
123
87
53
67
49
30
58
134
114
110
132
88
75
93
45
214
79
97
187
132
142
27
73
148
134
118
104
33
31
59
73
62
129
58
138
179
56
222
34
93
10
13
115
25
88
124
119
80
201
31
16
157
196
147
35
38
153
48
183
45
110
228
114
19
109
72
93
129
66
91
76
43
112
48
60
78
20
145
66
99
117
48
46
131
134
143
57
193
50
93
74
102
44
5
80
108
23
81
81
101
30
31
65
230
163
124
57
218
106
176
87
154
85
83
139
12
101
59
117
149
24
101
50
51
36
8
45
103
143
220
102
21
109
60
65
115
60
56
88
9
58
52
225
110
31
180
38
84
131
278
99
30
93
37
69
94
39
33
154
30
54
112
72
130
115
57
44
72
77
27
76
68
104
60
188
84
61
13
38
124
119
173
191
86
122
58
82
131
118
119
68
65
94
149
75
82
138
100
113
288
106
103
71
56
83
66
222
143
15
121
183
38
55
183
120
41
81
33
34
216
84
92
27
64
71
70
134
198
6
49
58
90
76
53
74
116
13
70
73
47
93
67
124
146
20
190
126
60
43
66
66
198
46
33
72
42
26
103
101
5
289
120
157
57
59
96
71
128
50
83
99
61
104
266
162
113
58
119
87
168
199
101
4
99
46
90
131
113
67
52
91
46
40
91
65
84
31
211
111
81
74
31
145
63
66
169
63
166
100
13
98
123
62
72
289
81
116
79
55
133
31
23
28
162
101
57
65
68
65
62
104
49
9
65
57
63
243
41
73
70
58
33
89
65
180
66
221
22
49
61
82
64
81
240
61
73
92
118
135
69
108
32
39
6
91
24
68
52
73
55
332
283
51
39
80
62
68
11
180
25
76
55
287
74
119
143
117
110
23
68
97
24
64
46
81
56
284
88
85
75
54
65
59
24
94
77
77
139
55
98
58
159
26
53
41
41
50
81
168
112
32
39
104
30
89
73
59
47
100
152
30
47
110
88
53
165
104
211
30
43
120
74
45
57
90
134
94
65
113
60
6
128
36
70
73
105
60
85
113
76
16
132
23
108
43
87
149
149
72
63
18
109
69
63
57
41
145
203
158
46
117
95
37
26
72
93
19
65
31
41
48
139
47
109
73
57
93
3
100
17
34
117
13
106
90
93
139
1
79
48
24
167
200
80
51
46
163
142
109
28
82
102
85
81
133
118
99
94
121
17
45
26
86
55
44
72
79
94
20
92
115
82
29
62
41
