CLASSIC
938
815
760
884
956
751
786
696
544
1011
1010
911
718
750
554
552
791
979
665
573
750
658
531
663
1433
607
915
657
784
896
720
884
806
665
745
718
660
647
903
418
1006
780
622
707
777
834
751
850
800
657
788
803
807
822
663
623
677
616
782
649
526
709
943
577
939
1020
583
799
831
832
743
881
763
798
678
733
919
549
830
684
746
758
641
650
927
801
683
616
1020
449
590
1044
708
581
612
709
850
748
820
830
1064
963
865
909
709
759
795
565
626
1124
717
767
794
652
977
917
1060
808
756
644
880
997
644
888
617
553
855
741
542
718
622
735
822
837
1073
914
865
640
822
849
713
459
1162
577
637
767
621
936
926
501
797
548
902
1050
804
817
1014
915
829
890
684
1209
859
651
577
789
902
900
887
590
525
682
573
758
1055
989
598
822
575
901
602
871
683
643
868
839
684
923
990
1121
865
672
468
795
757
749
802
859
787
753
784
832
840
964
655
615
566
629
719
571
1041
938
552
603
726
773
583
825
699
1009
455
657
754
845
886
647
958
592
745
803
561
792
769
725
628
747
850
748
994
986
748
1009
591
797
808
850
945
741
936
808
772
930
973
715
757
646
753
889
919
499
731
790
797
619
522
1151
718
915
567
823
908
749
661
1049
682
666
695
620
570
810
718
1002
694
710
1030
878
826
647
618
705
822
748
762
684
813
810
1137
802
623
1071
1022
720
757
1036
985
622
672
946
944
1142
751
918
553
719
752
696
1020
611
880
883
856
874
706
939
791
673
829
731
718
433
614
937
638
1006
772
933
711
896
678
960
934
644
931
1043
775
713
780
834
708
912
715
890
675
736
535
699
1150
810
710
805
967
613
1030
796
959
939
435
925
892
689
670
795
712
561
849
873
701
812
945
979
783
725
522
816
740
827
536
734
677
691
983
870
537
850
905
677
887
837
851
614
788
935
784
740
592
740
664
960
510
758
748
772
923
657
749
601
806
539
682
756
903
590
690
970
1134
808
840
701
710
832
853
866
1059
916
711
808
608
846
775
644
714
750
596
766
749
733
980
667
662
775
752
673
478
911
632
794
833
771
734
564
624
721
654
989
561
763
808
949
828
724
685
623
727
669
959
789
674
861
715
756
831
766
630
880
742
767
800
720
823
720
1086
780
628
824
665
917
566
736
915
705
516
705
539
652
759
791
791
752
737
1010
691
674
667
797
818
833
934
804
875
810
545
657
657
636
713
865
958
510
639
858
557
482
600
904
532
802
663
636
652
681
1068
926
904
1036
681
844
852
926
760
1027
425
926
732
777
661
689
1249
816
688
912
711
667
944
547
696
917
1203
966
1040
759
455
842
853
612
854
1062
604
865
655
703
425
627
599
652
963
1090
1044
862
1106
748
700
843
601
898
713
494
809
921
818
1005
782
809
568
529
901
667
1040
847
816
589
610
745
847
945
764
735
846
629
893
903
757
696
971
794
628
683
1212
1085
977
766
809
691
728
597
769
837
879
797
559
866
522
691
909
721
594
780
723
583
739
726
767
600
776
854
967
834
525
1056
627
744
703
867
766
372
557
820
865
778
829
1016
631
773
898
810
742
839
941
954
746
575
605
877
713
719
727
887
812
682
832
878
796
959
753
734
590
713
890
548
643
747
1025
773
749
827
697
598
649
671
766
748
498
881
512
806
686
491
959
751
978
627
784
838
757
992
820
796
775
1078
1007
589
1034
1140
758
715
822
664
542
738
448
829
542
719
827
722
488
591
828
696
598
607
877
731
642
703
686
780
854
765
892
516
702
739
633
931
754
563
981
484
601
724
515
745
838
912
884
679
743
746
754
804
725
711
493
859
694
597
716
819
1032
489
1023
867
745
564
688
892
641
885
589
862
910
709
483
599
573
797
770
823
807
534
717
618
614
639
705
774
897
875
718
711
776
845
760
1074
899
607
651
666
520
763
933
646
576
744
757
858
944
619
975
672
588
833
1041
1073
788
608
852
1074
1096
975
914
1042
973
833
910
801
943
1004
875
1143
958
619
754
610
783
622
750
551
758
1046
607
892
832
637
446
559
529
942
648
582
599
931
807
992
680
829
813
810
907
887
1053
668
550
746
897
869
1036
481
1015
686
732
1053
774
625
783
459
804
609
771
766
627
948
956
971
848
906
878
949
741
740
1011
916
861
835
646
798
760
593
651
486
793
1076
724
722
743
841
744
543
656
770
518
1009
738
826
677
830
332
597
979
811
539
698
801
666
691
816
777
795
941
758
929
837
544
844
885
806
767
542
849
895
755
580
727
668
852
655
1122
924
831
487
940
669
612
783
685
814
663
748
878
786
808
873
926
410
883
711
820
808
621
973
NEW
1161
919
625
957
915
939
841
635
805
961
822
901
894
837
995
822
958
896
604
892
615
1145
834
974
880
887
867
1043
907
731
1033
1000
794
665
747
1086
831
644
662
860
820
834
946
996
698
951
761
982
775
853
1086
1016
928
1189
547
1019
756
546
740
629
750
667
634
954
823
973
1079
778
753
788
878
892
873
715
770
812
724
1064
914
960
801
551
960
835
1090
712
608
981
952
847
1104
828
722
750
866
714
601
1039
561
723
1140
529
681
668
594
899
912
834
927
694
872
743
1017
785
776
807
1014
878
769
740
686
746
1121
822
879
944
835
948
965
1059
1023
934
909
852
979
829
726
696
859
589
1329
742
583
647
939
865
757
951
773
807
781
864
718
974
1088
1169
1247
902
780
1195
1143
647
924
897
710
849
701
838
750
770
808
788
976
1059
783
735
765
813
761
805
809
1008
665
865
652
740
492
1245
809
1131
824
1014
936
1000
948
1312
1071
758
955
877
552
758
1031
683
997
690
987
948
1105
712
781
717
941
861
904
786
850
716
645
809
903
771
962
1027
915
903
856
973
1027
1261
597
770
1119
931
555
850
856
774
672
976
931
529
605
964
898
1246
678
1242
959
769
1046
878
1060
674
644
870
929
857
908
616
809
734
892
772
952
736
706
1010
707
916
804
877
790
915
912
833
999
949
658
856
1231
1021
832
787
800
971
749
892
755
1001
736
1339
873
1145
858
652
676
749
1012
405
833
853
1053
1194
803
995
728
736
704
609
710
791
896
1543
1062
865
670
554
843
883
481
941
1099
874
614
847
738
705
1149
824
985
783
886
611
651
562
817
897
672
782
822
1041
651
1132
805
748
859
737
1071
804
691
759
716
1123
731
942
991
803
822
906
904
567
888
1023
713
610
1095
825
826
815
960
734
1159
576
563
884
1094
1005
890
886
998
592
807
886
801
940
792
1035
1126
887
750
692
918
456
911
865
1048
778
689
1209
771
881
585
804
1206
773
901
1008
418
891
938
808
660
958
808
1037
1003
678
893
806
831
1203
653
1206
972
819
789
748
1108
744
982
969
924
893
806
1296
812
982
846
1001
1043
838
904
744
765
1092
871
840
839
703
844
801
575
723
925
693
856
838
822
1106
757
674
729
849
916
824
919
679
1216
619
883
582
886
785
1093
772
812
871
1074
708
577
680
859
924
1112
793
514
567
687
913
888
1202
775
1011
687
1113
1136
787
774
738
889
826
1117
653
745
925
760
714
951
865
626
1000
766
1032
1039
819
1314
937
867
700
701
624
882
639
1060
944
909
728
752
1107
1011
658
852
772
695
898
837
920
849
675
879
1015
1004
1152
1157
807
877
648
894
787
745
853
837
1025
840
831
717
1029
724
716
923
628
767
1052
897
1154
1025
759
732
1231
1083
1117
1201
831
926
796
912
1193
755
804
987
791
853
943
809
1023
939
842
731
713
1081
565
544
943
1044
797
724
819
774
751
904
765
810
736
930
731
729
677
1126
901
822
847
1140
622
835
940
1007
812
624
679
755
1099
936
1043
1070
864
699
886
1064
889
713
1135
776
668
983
791
851
1053
1075
836
735
908
634
1003
785
819
978
748
1086
1077
907
922
810
1044
743
618
950
1088
710
1053
856
1035
934
854
668
758
707
629
824
782
791
485
819
1103
1053
921
660
781
794
886
664
887
817
619
881
945
831
987
816
718
917
738
900
877
789
878
920
713
923
777
957
679
888
633
949
733
1288
773
665
847
965
655
943
758
643
626
721
554
785
749
1137
720
1238
1020
656
806
767
944
949
829
938
1028
664
568
877
739
881
780
778
1126
1186
823
693
877
989
1045
711
644
945
748
1274
919
1039
897
827
762
1164
1096
727
845
773
969
1083
686
872
983
680
828
760
867
901
898
830
799
1171
876
876
766
767
854
595
935
763
660
738
857
743
703
906
970
873
748
697
933
820
713
870
848
966
737
975
948
760
860
772
903
814
1018
1105
837
727
1112
686
730
976
866
646
756
815
780
824
822
534
900
859
770
1042
602
917
725
769
755
1027
895
958
855
524
894
865
934
820
742
927
690
899
801
727
743
702
751
942
1013
531
854
557
1071
791
837
979
818
876
1137
720
475
482
833
773
779
927
864
709
709
851
825
776
957
922
937
888
1245
486
532
814
1074
752
680
705
665
803
647
851
662
959
934
778
831
566
821
992
857
878
945
805
871
574
740
792
874
896
1154
877
1043
843
835
663
914
657
1140
636
747
1055
902
654
584
751
973
712
981
729
1031
674
713
578
1011
1069
813
874
761
990
894
1231
835
987
717
866
936
761
740
859
737
646
652
559
855
819
867
807
663
946
843
1101
671
840
1050
815
607
765
1027
870
791
774
827
934
577
676
685
1011
685
629
783
1047
854
1073
1083
933
817
881
921
739
932
826
1256
676
850
960
578
899
630
1011
1057
